0.000000000000000000e+00
7.588266730308532715e-01
7.112613916397094727e-01
7.353267073631286621e-01
7.314460277557373047e-01
7.010514736175537109e-01
7.538520693778991699e-01
7.026692032814025879e-01
6.941276788711547852e-01
7.006882429122924805e-01
6.894874572753906250e-01
7.264348864555358887e-01
7.002667188644409180e-01
7.026554346084594727e-01
6.850954294204711914e-01
7.024492025375366211e-01
6.971332430839538574e-01
6.812967658042907715e-01
6.915711164474487305e-01
6.899395585060119629e-01
6.851167082786560059e-01
6.987391114234924316e-01
7.337415814399719238e-01
6.988834142684936523e-01
6.799128055572509766e-01
6.824731230735778809e-01
6.917119026184082031e-01
6.729839444160461426e-01
6.736622452735900879e-01
7.148759961128234863e-01
6.787334680557250977e-01
7.171946763992309570e-01
6.968121528625488281e-01
6.868724226951599121e-01
6.869429945945739746e-01
6.855808496475219727e-01
6.835994124412536621e-01
6.887402534484863281e-01
6.783529520034790039e-01
6.854358911514282227e-01
6.709837913513183594e-01
6.626186370849609375e-01
6.964986324310302734e-01
6.632360816001892090e-01
6.815742254257202148e-01
6.547505259513854980e-01
7.065621018409729004e-01
6.739967465400695801e-01
6.866555213928222656e-01
6.674921512603759766e-01
6.541775465011596680e-01
7.143213152885437012e-01
6.659820675849914551e-01
6.870980262756347656e-01
6.734174489974975586e-01
6.679334044456481934e-01
6.680716872215270996e-01
6.659842133522033691e-01
6.651644706726074219e-01
6.627237200736999512e-01
6.537330746650695801e-01
6.644033789634704590e-01
6.647414565086364746e-01
6.585121750831604004e-01
6.614083051681518555e-01
6.499298810958862305e-01
6.526056528091430664e-01
6.617273688316345215e-01
6.487236618995666504e-01
6.481698751449584961e-01
6.507483124732971191e-01
6.415413022041320801e-01
6.275902390480041504e-01
6.318690776824951172e-01
6.572347879409790039e-01
6.375735998153686523e-01
6.361664533615112305e-01
6.890954375267028809e-01
6.246098875999450684e-01
6.489287018775939941e-01
6.251581311225891113e-01
6.691954731941223145e-01
6.312683820724487305e-01
6.127462983131408691e-01
5.919907689094543457e-01
6.112225651741027832e-01
6.279676556587219238e-01
6.136986017227172852e-01
6.029140353202819824e-01
5.945512652397155762e-01
5.875750780105590820e-01
5.663837194442749023e-01
6.247646212577819824e-01
6.034603714942932129e-01
5.976926684379577637e-01
5.789985060691833496e-01
6.397381424903869629e-01
6.302962303161621094e-01
5.658595561981201172e-01
5.808534026145935059e-01
5.760502219200134277e-01
5.768712759017944336e-01
7.785755395889282227e-01
6.710453629493713379e-01
5.720790624618530273e-01
5.595613121986389160e-01
5.745529532432556152e-01
5.660957098007202148e-01
6.055904030799865723e-01
6.423974037170410156e-01
6.216377615928649902e-01
6.040147542953491211e-01
5.403619408607482910e-01
5.445053577423095703e-01
5.774942636489868164e-01
6.419644951820373535e-01
7.881390452384948730e-01
6.822501420974731445e-01
5.746382474899291992e-01
6.047963500022888184e-01
6.371033191680908203e-01
6.406072378158569336e-01
7.995589971542358398e-01
7.191861867904663086e-01
7.280077338218688965e-01
5.322600007057189941e-01
6.323742866516113281e-01
7.078124284744262695e-01
6.119136214256286621e-01
6.525031924247741699e-01
5.709003806114196777e-01
5.815647840499877930e-01
5.246084332466125488e-01
5.426361560821533203e-01
5.330517292022705078e-01
5.422798991203308105e-01
5.635389685630798340e-01
5.530811548233032227e-01
5.434877872467041016e-01
6.584751605987548828e-01
7.923190593719482422e-01
8.116809129714965820e-01
5.132658481597900391e-01
5.040169358253479004e-01
5.898724794387817383e-01
6.071003079414367676e-01
5.325004458427429199e-01
5.291439294815063477e-01
5.369578003883361816e-01
6.148814558982849121e-01
6.584140062332153320e-01
5.350911617279052734e-01
5.516859889030456543e-01
4.981398880481719971e-01
5.103597044944763184e-01
4.976514577865600586e-01
5.071292519569396973e-01
5.283831357955932617e-01
6.361152529716491699e-01
7.179962396621704102e-01
5.098696351051330566e-01
5.267820358276367188e-01
6.758661866188049316e-01
8.251471519470214844e-01
8.391970992088317871e-01
1.106272935867309570e+00
9.192731380462646484e-01
6.190146803855895996e-01
6.794283390045166016e-01
5.766757726669311523e-01
5.498526692390441895e-01
5.607194304466247559e-01
6.133630275726318359e-01
5.755531191825866699e-01
6.153058409690856934e-01
5.550252199172973633e-01
6.335743069648742676e-01
6.750326752662658691e-01
6.535817980766296387e-01
5.371479392051696777e-01
5.288527011871337891e-01
5.038598179817199707e-01
5.176980495452880859e-01
5.222411155700683594e-01
6.356911659240722656e-01
8.021392822265625000e-01
4.922433793544769287e-01
5.525081157684326172e-01
5.880973935127258301e-01
5.161787271499633789e-01
5.516867041587829590e-01
5.578013658523559570e-01
6.655832529067993164e-01
6.334714889526367188e-01
7.645466327667236328e-01
7.742421627044677734e-01
8.080220222473144531e-01
5.454548001289367676e-01
8.027864098548889160e-01
1.003712892532348633e+00
5.302144289016723633e-01
5.150930285453796387e-01
6.337597966194152832e-01
7.673713564872741699e-01
5.408990383148193359e-01
5.549926161766052246e-01
4.871547222137451172e-01
5.236971974372863770e-01
5.094298124313354492e-01
5.380824804306030273e-01
5.729914307594299316e-01
5.964448451995849609e-01
6.751446723937988281e-01
6.591197252273559570e-01
7.643568515777587891e-01
5.186677575111389160e-01
5.430737137794494629e-01
6.461933851242065430e-01
8.904628753662109375e-01
5.240727066993713379e-01
5.658204555511474609e-01
5.678649544715881348e-01
5.531335473060607910e-01
5.201102495193481445e-01
4.854297637939453125e-01
5.011674761772155762e-01
4.798999428749084473e-01
4.925892949104309082e-01
5.451740026473999023e-01
6.289290785789489746e-01
5.214923620223999023e-01
5.632620453834533691e-01
7.173256874084472656e-01
9.497768878936767578e-01
4.746282100677490234e-01
5.103040933609008789e-01
5.810627937316894531e-01
7.489932775497436523e-01
8.913081884384155273e-01
4.963432252407073975e-01
5.182029604911804199e-01
5.861212015151977539e-01
5.773271322250366211e-01
6.790782213211059570e-01
5.193707942962646484e-01
5.505577921867370605e-01
5.694732069969177246e-01
7.183699011802673340e-01
7.363150715827941895e-01
9.422190785408020020e-01
6.656886935234069824e-01
5.848343372344970703e-01
7.468782663345336914e-01
7.361114621162414551e-01
8.439012765884399414e-01
7.084813117980957031e-01
6.583353281021118164e-01
5.485039949417114258e-01
5.505798459053039551e-01
5.256543159484863281e-01
5.233642458915710449e-01
4.987928271293640137e-01
5.041050314903259277e-01
5.423322916030883789e-01
5.590105652809143066e-01
5.148102641105651855e-01
5.868089795112609863e-01
6.489673852920532227e-01
8.074743151664733887e-01
5.414201617240905762e-01
5.614740848541259766e-01
6.921737790107727051e-01
8.826912641525268555e-01
4.960124194622039795e-01
5.037813782691955566e-01
5.154893994331359863e-01
6.243218779563903809e-01
6.928260922431945801e-01
4.880587756633758545e-01
5.012258291244506836e-01
6.495150923728942871e-01
6.694785952568054199e-01
4.959172904491424561e-01
4.914752840995788574e-01
4.964381456375122070e-01
4.655152559280395508e-01
4.769803881645202637e-01
4.973969161510467529e-01
6.616614460945129395e-01
9.444699287414550781e-01
4.711841940879821777e-01
4.738987088203430176e-01
4.954584836959838867e-01
5.541620850563049316e-01
8.236252665519714355e-01
5.729387402534484863e-01
6.504132151603698730e-01
7.028052806854248047e-01
7.461655139923095703e-01
7.927742600440979004e-01
7.389959692955017090e-01
6.827857494354248047e-01
4.680163562297821045e-01
4.923783540725708008e-01
4.904872775077819824e-01
4.936968088150024414e-01
4.908915758132934570e-01
6.051851511001586914e-01
1.147608757019042969e+00
4.759250283241271973e-01
5.704252719879150391e-01
7.310808300971984863e-01
5.787547826766967773e-01
8.888392448425292969e-01
5.867870450019836426e-01
5.699557065963745117e-01
5.169241428375244141e-01
5.658152103424072266e-01
6.512290835380554199e-01
6.955441832542419434e-01
5.202747583389282227e-01
6.128518581390380859e-01
7.134078741073608398e-01
7.049160003662109375e-01
6.925616264343261719e-01
6.926097273826599121e-01
4.996685385704040527e-01
5.014821290969848633e-01
5.140479207038879395e-01
5.363671779632568359e-01
5.778037309646606445e-01
8.118323683738708496e-01
5.803326964378356934e-01
5.986921191215515137e-01
6.543061137199401855e-01
6.509453058242797852e-01
5.153591632843017578e-01
5.084472894668579102e-01
5.386735796928405762e-01
6.841442584991455078e-01
8.351126313209533691e-01
4.795763790607452393e-01
5.605037808418273926e-01
6.930102705955505371e-01
4.958307743072509766e-01
5.572711229324340820e-01
9.842338562011718750e-01
8.669550418853759766e-01
4.959203004837036133e-01
6.344685554504394531e-01
8.138781785964965820e-01
5.588307380676269531e-01
6.132093667984008789e-01
6.662376523017883301e-01
8.174865245819091797e-01
5.276768207550048828e-01
5.274034142494201660e-01
4.934640228748321533e-01
4.961093664169311523e-01
4.686975777149200439e-01
4.773038923740386963e-01
4.892631173133850098e-01
4.702460169792175293e-01
5.063569545745849609e-01
5.150042772293090820e-01
5.911836028099060059e-01
5.386912822723388672e-01
6.193866133689880371e-01
7.860172390937805176e-01
1.003624558448791504e+00
4.947399795055389404e-01
4.621153175830841064e-01
5.028795003890991211e-01
5.359014272689819336e-01
5.295302867889404297e-01
6.101278066635131836e-01
5.374462008476257324e-01
7.633331418037414551e-01
6.488184928894042969e-01
8.228331208229064941e-01
4.950269460678100586e-01
4.876345098018646240e-01
4.986211657524108887e-01
6.882225871086120605e-01
8.896166086196899414e-01
4.660787880420684814e-01
4.587004482746124268e-01
4.663319289684295654e-01
5.232860445976257324e-01
5.821695327758789062e-01
5.394667387008666992e-01
4.656045138835906982e-01
5.798327922821044922e-01
1.002754688262939453e+00
5.255793929100036621e-01
6.471940875053405762e-01
6.703102588653564453e-01
6.816253662109375000e-01
5.874488949775695801e-01
6.405743956565856934e-01
4.835958778858184814e-01
5.271730422973632812e-01
7.688892483711242676e-01
9.285390377044677734e-01
6.001840829849243164e-01
5.165490508079528809e-01
5.459200143814086914e-01
6.639778017997741699e-01
8.039249181747436523e-01
4.801503717899322510e-01
5.498453378677368164e-01
6.059215068817138672e-01
5.505276918411254883e-01
6.868129968643188477e-01
5.910780429840087891e-01
6.291288733482360840e-01
4.805949032306671143e-01
4.908232986927032471e-01
4.935609400272369385e-01
5.012364387512207031e-01
5.448856949806213379e-01
4.279438257217407227e-01
4.459789693355560303e-01
6.706559658050537109e-01
8.282312750816345215e-01
5.413385629653930664e-01
5.088301301002502441e-01
5.952871441841125488e-01
4.154707193374633789e-01
4.536954760551452637e-01
6.489555239677429199e-01
5.426418185234069824e-01
4.908330142498016357e-01
5.584462285041809082e-01
8.081330060958862305e-01
5.442984104156494141e-01
5.596312880516052246e-01
5.255411267280578613e-01
7.014114260673522949e-01
5.288015604019165039e-01
5.775125622749328613e-01
4.304463863372802734e-01
4.392282366752624512e-01
4.437383711338043213e-01
4.439193308353424072e-01
4.624738991260528564e-01
5.510978102684020996e-01
9.454252719879150391e-01
1.068225145339965820e+00
1.010181546211242676e+00
7.596820592880249023e-01
5.772797465324401855e-01
7.107009887695312500e-01
8.895626068115234375e-01
4.976358413696289062e-01
4.908966422080993652e-01
6.355027556419372559e-01
8.938887715339660645e-01
4.911907911300659180e-01
5.447048544883728027e-01
5.506110191345214844e-01
4.581766426563262939e-01
4.431954622268676758e-01
6.318861246109008789e-01
6.250184178352355957e-01
4.708813726902008057e-01
4.922588765621185303e-01
7.492313385009765625e-01
9.274382591247558594e-01
6.492030620574951172e-01
4.474364817142486572e-01
4.745004773139953613e-01
4.765410125255584717e-01
4.435102343559265137e-01
4.906203150749206543e-01
6.632201671600341797e-01
1.034524202346801758e+00
6.945679187774658203e-01
5.864546298980712891e-01
5.219583511352539062e-01
6.004985570907592773e-01
5.832493901252746582e-01
6.913591027259826660e-01
4.297261536121368408e-01
4.200014770030975342e-01
4.974990785121917725e-01
5.230141282081604004e-01
5.348311662673950195e-01
6.678943634033203125e-01
4.705946445465087891e-01
4.905930459499359131e-01
4.918847382068634033e-01
6.140184998512268066e-01
6.505075097084045410e-01
8.614772558212280273e-01
4.445270895957946777e-01
4.391921758651733398e-01
5.211619734764099121e-01
6.943677663803100586e-01
4.957712292671203613e-01
6.030037403106689453e-01
5.899741649627685547e-01
7.414307594299316406e-01
4.721860587596893311e-01
5.403306484222412109e-01
6.971263289451599121e-01
8.435646295547485352e-01
4.874459207057952881e-01
5.046517252922058105e-01
5.587877631187438965e-01
8.465200662612915039e-01
4.868355691432952881e-01
4.956192076206207275e-01
4.517274796962738037e-01
5.117250680923461914e-01
5.607273578643798828e-01
7.255722284317016602e-01
7.374814748764038086e-01
1.019628405570983887e+00
7.097535729408264160e-01
5.329017043113708496e-01
6.157386302947998047e-01
5.987735986709594727e-01
5.920839905738830566e-01
4.402683377265930176e-01
4.372531771659851074e-01
4.650973975658416748e-01
4.777164161205291748e-01
4.414057135581970215e-01
4.909574091434478760e-01
7.773602008819580078e-01
7.511414289474487305e-01
4.679692983627319336e-01
6.346133947372436523e-01
1.074953079223632812e+00
4.918220639228820801e-01
5.155492424964904785e-01
5.882648229598999023e-01
7.185344696044921875e-01
7.549452781677246094e-01
5.351566076278686523e-01
6.083734035491943359e-01
7.342569231986999512e-01
5.562685132026672363e-01
5.127538442611694336e-01
4.876524806022644043e-01
4.491123259067535400e-01
5.053877830505371094e-01
5.653157234191894531e-01
4.821786880493164062e-01
5.631226301193237305e-01
6.573606729507446289e-01
9.212269783020019531e-01
5.957925319671630859e-01
7.215746045112609863e-01
9.782921671867370605e-01
5.341215729713439941e-01
6.232756972312927246e-01
6.311275362968444824e-01
4.756213426589965820e-01
5.518056750297546387e-01
6.242169737815856934e-01
5.045834183692932129e-01
6.174401044845581055e-01
6.703513264656066895e-01
5.490423440933227539e-01
4.813986718654632568e-01
4.566094577312469482e-01
4.361886978149414062e-01
4.951039552688598633e-01
6.107972264289855957e-01
6.983375549316406250e-01
8.473795056343078613e-01
5.686677694320678711e-01
7.890210151672363281e-01
9.459815025329589844e-01
8.068768978118896484e-01
5.027444362640380859e-01
4.836862981319427490e-01
4.369977116584777832e-01
4.917112588882446289e-01
4.727082848548889160e-01
4.690417945384979248e-01
5.274150967597961426e-01
6.398019790649414062e-01
9.637448191642761230e-01
5.088321566581726074e-01
4.794360399246215820e-01
4.756506681442260742e-01
5.717784166336059570e-01
7.206133008003234863e-01
4.385802745819091797e-01
4.919575452804565430e-01
5.066042542457580566e-01
6.192212104797363281e-01
5.129741430282592773e-01
7.247125506401062012e-01
6.359861493110656738e-01
7.752311825752258301e-01
4.888443648815155029e-01
5.018218159675598145e-01
5.692506432533264160e-01
4.664969146251678467e-01
4.995892643928527832e-01
5.105289816856384277e-01
7.736055850982666016e-01
7.762368917465209961e-01
9.348365068435668945e-01
9.750693440437316895e-01
4.885413050651550293e-01
6.085050106048583984e-01
7.080799937248229980e-01
4.479203820228576660e-01
4.713826775550842285e-01
4.820222556591033936e-01
4.476742148399353027e-01
4.436429738998413086e-01
4.548440277576446533e-01
8.074373006820678711e-01
8.465692400932312012e-01
6.699905395507812500e-01
4.803625047206878662e-01
5.546817183494567871e-01
9.793468713760375977e-01
9.034950137138366699e-01
7.756981849670410156e-01
5.694983005523681641e-01
5.307708382606506348e-01
5.289157032966613770e-01
5.858487486839294434e-01
5.404098629951477051e-01
4.785591959953308105e-01
6.079654693603515625e-01
6.384373307228088379e-01
5.795793533325195312e-01
5.627917647361755371e-01
5.828991532325744629e-01
4.717684090137481689e-01
4.650805592536926270e-01
4.423602819442749023e-01
4.728883504867553711e-01
4.429596662521362305e-01
5.291375517845153809e-01
5.732666254043579102e-01
7.870199084281921387e-01
5.838923454284667969e-01
6.737387180328369141e-01
4.808480441570281982e-01
8.157023787498474121e-01
8.090828061103820801e-01
6.849440932273864746e-01
5.555033087730407715e-01
6.080300211906433105e-01
4.701872766017913818e-01
4.850713014602661133e-01
5.276832580566406250e-01
6.896621584892272949e-01
5.396857261657714844e-01
6.731059551239013672e-01
4.132786095142364502e-01
4.523271322250366211e-01
4.733887016773223877e-01
8.834961056709289551e-01
8.529174923896789551e-01
7.460727691650390625e-01
4.724442660808563232e-01
4.328068196773529053e-01
4.402830600738525391e-01
4.609252214431762695e-01
4.362412393093109131e-01
4.716812372207641602e-01
6.449425220489501953e-01
8.198065161705017090e-01
6.715335845947265625e-01
5.398896932601928711e-01
7.439824938774108887e-01
6.650688648223876953e-01
8.027714490890502930e-01
5.224849581718444824e-01
5.753185153007507324e-01
6.540208458900451660e-01
4.663651287555694580e-01
6.962680816650390625e-01
7.088313102722167969e-01
4.684280753135681152e-01
4.666349291801452637e-01
4.617221057415008545e-01
5.161131620407104492e-01
7.448846697807312012e-01
8.652265667915344238e-01
6.411353945732116699e-01
5.425750613212585449e-01
7.584594488143920898e-01
7.812187671661376953e-01
6.785007715225219727e-01
5.088054537773132324e-01
5.083087086677551270e-01
5.489128232002258301e-01
6.840204000473022461e-01
6.993380188941955566e-01
6.340610384941101074e-01
5.143712759017944336e-01
5.210823416709899902e-01
5.426427721977233887e-01
6.954070925712585449e-01
3.931064307689666748e-01
4.786292314529418945e-01
5.469158291816711426e-01
7.340214252471923828e-01
7.855079174041748047e-01
4.988768696784973145e-01
5.594890117645263672e-01
7.319394946098327637e-01
4.198018312454223633e-01
4.660565257072448730e-01
4.547392725944519043e-01
4.253791868686676025e-01
4.205470681190490723e-01
4.722743630409240723e-01
7.086889743804931641e-01
8.653468489646911621e-01
1.116759181022644043e+00
8.090348243713378906e-01
5.258287191390991211e-01
5.964047908782958984e-01
7.200131416320800781e-01
4.610053598880767822e-01
4.625406563282012939e-01
4.484013319015502930e-01
4.138224124908447266e-01
4.282924234867095947e-01
4.535318315029144287e-01
3.554027676582336426e-01
4.586353003978729248e-01
6.251436471939086914e-01
8.748579621315002441e-01
1.172829270362854004e+00
8.199362158775329590e-01
7.939782738685607910e-01
9.353134632110595703e-01
6.995399594306945801e-01
6.073939204216003418e-01
5.481182932853698730e-01
5.146899819374084473e-01
5.071949958801269531e-01
4.911536276340484619e-01
4.716252982616424561e-01
4.702727794647216797e-01
5.461153984069824219e-01
8.105964064598083496e-01
4.466519057750701904e-01
4.606418907642364502e-01
6.569787859916687012e-01
7.675358057022094727e-01
5.663559436798095703e-01
5.827285647392272949e-01
7.745396494865417480e-01
4.662844538688659668e-01
4.616387486457824707e-01
5.287146568298339844e-01
7.005487084388732910e-01
8.111157417297363281e-01
5.376921296119689941e-01
4.889923334121704102e-01
5.674148797988891602e-01
6.161218285560607910e-01
6.839020252227783203e-01
4.458270967006683350e-01
5.334892868995666504e-01
6.155555248260498047e-01
4.334993660449981689e-01
4.664746820926666260e-01
5.649524927139282227e-01
7.872132658958435059e-01
8.450706601142883301e-01
7.960134148597717285e-01
6.667199134826660156e-01
4.891080856323242188e-01
4.627461731433868408e-01
5.124981403350830078e-01
6.431317925453186035e-01
7.568319439888000488e-01
6.765073537826538086e-01
5.310667157173156738e-01
6.242029070854187012e-01
4.938398301601409912e-01
5.364741683006286621e-01
4.663170576095581055e-01
5.284950733184814453e-01
5.257073044776916504e-01
6.527268886566162109e-01
4.621050953865051270e-01
5.629033446311950684e-01
6.345548629760742188e-01
7.922744750976562500e-01
5.513753294944763184e-01
6.170022487640380859e-01
7.731755971908569336e-01
4.267137050628662109e-01
4.250235259532928467e-01
4.161873757839202881e-01
4.039749205112457275e-01
4.750531315803527832e-01
6.237538456916809082e-01
4.260033667087554932e-01
5.405044555664062500e-01
9.887986779212951660e-01
7.593376040458679199e-01
8.157198429107666016e-01
7.088867425918579102e-01
4.522973895072937012e-01
5.081899166107177734e-01
6.480679512023925781e-01
4.871323108673095703e-01
5.534910559654235840e-01
4.547930955886840820e-01
5.322595834732055664e-01
5.680301785469055176e-01
6.948613524436950684e-01
4.440973997116088867e-01
4.297942817211151123e-01
6.484386920928955078e-01
7.800753116607666016e-01
5.537571907043457031e-01
6.683529615402221680e-01
4.741176664829254150e-01
4.930250644683837891e-01
5.820944905281066895e-01
4.940124154090881348e-01
5.850729346275329590e-01
4.276231527328491211e-01
4.654771387577056885e-01
5.309428572654724121e-01
9.443119168281555176e-01
4.000795781612396240e-01
5.433845520019531250e-01
7.440603375434875488e-01
4.608629941940307617e-01
5.112591981887817383e-01
7.624179720878601074e-01
4.661899209022521973e-01
5.188742876052856445e-01
6.128783226013183594e-01
9.100371599197387695e-01
6.359540224075317383e-01
4.183782637119293213e-01
4.749761819839477539e-01
5.511183142662048340e-01
4.945434331893920898e-01
6.904391646385192871e-01
4.075676798820495605e-01
4.279158711433410645e-01
3.993304073810577393e-01
4.763383865356445312e-01
7.959188818931579590e-01
3.982271552085876465e-01
4.064243733882904053e-01
3.977932631969451904e-01
3.890026509761810303e-01
6.309043169021606445e-01
9.830629229545593262e-01
8.543962240219116211e-01
5.567201375961303711e-01
8.587288856506347656e-01
7.828192114830017090e-01
7.251982688903808594e-01
4.529286921024322510e-01
3.870276510715484619e-01
5.069420337677001953e-01
8.080092072486877441e-01
4.736904799938201904e-01
6.580249071121215820e-01
6.632801294326782227e-01
6.884882450103759766e-01
5.561590790748596191e-01
4.188124537467956543e-01
3.869013488292694092e-01
4.569812715053558350e-01
4.954343140125274658e-01
5.200860500335693359e-01
7.485283017158508301e-01
4.371860921382904053e-01
7.475780248641967773e-01
8.849382996559143066e-01
8.586290478706359863e-01
6.869968175888061523e-01
5.010979175567626953e-01
5.765557885169982910e-01
7.265033721923828125e-01
4.282842278480529785e-01
4.618257880210876465e-01
5.616741776466369629e-01
6.698082685470581055e-01
6.290819644927978516e-01
4.567613899707794189e-01
4.420585632324218750e-01
3.925713002681732178e-01
3.913055062294006348e-01
3.991582095623016357e-01
3.845381438732147217e-01
5.092605948448181152e-01
8.905010819435119629e-01
1.075173497200012207e+00
7.721138000488281250e-01
6.081890463829040527e-01
9.038910865783691406e-01
7.793322801589965820e-01
5.744591951370239258e-01
4.496679306030273438e-01
4.734488725662231445e-01
4.910337030887603760e-01
4.838999807834625244e-01
5.999186038970947266e-01
5.462719202041625977e-01
7.400148510932922363e-01
4.448547661304473877e-01
4.695466756820678711e-01
5.098817944526672363e-01
7.757320404052734375e-01
4.141991436481475830e-01
4.290908873081207275e-01
5.772889256477355957e-01
8.324077129364013672e-01
4.993359744548797607e-01
4.813578128814697266e-01
6.395001411437988281e-01
5.554683804512023926e-01
8.862323760986328125e-01
4.910699725151062012e-01
5.903298854827880859e-01
9.192224144935607910e-01
5.438099503517150879e-01
7.197238802909851074e-01
8.138353824615478516e-01
4.942044019699096680e-01
4.633289575576782227e-01
4.783946573734283447e-01
4.471234977245330811e-01
4.564135670661926270e-01
4.058339595794677734e-01
3.864255249500274658e-01
4.221366941928863525e-01
3.801338672637939453e-01
3.773865103721618652e-01
8.864752054214477539e-01
1.028675675392150879e+00
7.448119521141052246e-01
8.831565976142883301e-01
6.249943375587463379e-01
4.348782300949096680e-01
4.642075300216674805e-01
4.385038614273071289e-01
4.369327127933502197e-01
5.577914118766784668e-01
7.936175465583801270e-01
8.445798754692077637e-01
8.159925937652587891e-01
8.476448059082031250e-01
7.420791387557983398e-01
6.829212307929992676e-01
5.982953310012817383e-01
4.788753390312194824e-01
5.201307535171508789e-01
5.372077226638793945e-01
4.848762452602386475e-01
5.694706439971923828e-01
6.827360391616821289e-01
7.699851989746093750e-01
5.710100531578063965e-01
4.392829537391662598e-01
4.302097558975219727e-01
5.176065564155578613e-01
6.338037252426147461e-01
4.128348529338836670e-01
4.852085411548614502e-01
7.480228543281555176e-01
6.135129928588867188e-01
1.010310769081115723e+00
6.961950659751892090e-01
4.940189421176910400e-01
4.346014261245727539e-01
4.743248224258422852e-01
4.657444059848785400e-01
5.853561162948608398e-01
4.913364350795745850e-01
6.732853651046752930e-01
4.622962176799774170e-01
5.888038873672485352e-01
6.094883084297180176e-01
7.915791869163513184e-01
6.713136434555053711e-01
4.145464301109313965e-01
4.400427937507629395e-01
4.286674857139587402e-01
5.267890095710754395e-01
8.084918856620788574e-01
4.590764343738555908e-01
5.638809800148010254e-01
1.139506459236145020e+00
9.192564487457275391e-01
7.579838037490844727e-01
6.222308278083801270e-01
5.330255627632141113e-01
4.515622258186340332e-01
4.660575091838836670e-01
4.530763328075408936e-01
4.454853534698486328e-01
4.299012124538421631e-01
4.119639694690704346e-01
4.075043201446533203e-01
3.994743824005126953e-01
5.124479532241821289e-01
7.338256835937500000e-01
8.947306871414184570e-01
7.544320821762084961e-01
4.350639581680297852e-01
3.887928724288940430e-01
4.111953973770141602e-01
3.921150565147399902e-01
5.141564011573791504e-01
8.222746849060058594e-01
8.158784508705139160e-01
7.595290541648864746e-01
9.194344878196716309e-01
4.420010447502136230e-01
6.366624236106872559e-01
7.806764841079711914e-01
7.617683410644531250e-01
5.287465453147888184e-01
6.941481232643127441e-01
7.615281939506530762e-01
7.516824603080749512e-01
5.926605463027954102e-01
4.980858564376831055e-01
5.288120508193969727e-01
4.800661504268646240e-01
5.172281861305236816e-01
5.388985872268676758e-01
7.230535745620727539e-01
4.487878382205963135e-01
4.471264183521270752e-01
4.787843227386474609e-01
6.475760936737060547e-01
4.320824742317199707e-01
5.834751725196838379e-01
1.053430199623107910e+00
8.124514818191528320e-01
7.127006649971008301e-01
5.927389264106750488e-01
4.941514134407043457e-01
5.209718942642211914e-01
4.882587194442749023e-01
5.843703746795654297e-01
9.509456157684326172e-01
8.759167194366455078e-01
7.165489196777343750e-01
5.097423791885375977e-01
5.381065607070922852e-01
5.852411985397338867e-01
4.792934060096740723e-01
5.459716320037841797e-01
5.810344219207763672e-01
7.125246524810791016e-01
4.560551047325134277e-01
3.776320219039916992e-01
5.788359642028808594e-01
7.373829483985900879e-01
5.078963637351989746e-01
5.440207123756408691e-01
7.305869460105895996e-01
4.307006895542144775e-01
4.334740042686462402e-01
4.099852740764617920e-01
3.899495601654052734e-01
3.885256946086883545e-01
4.072397351264953613e-01
4.877072870731353760e-01
1.004351258277893066e+00
1.053928732872009277e+00
7.379945516586303711e-01
8.220850229263305664e-01
6.004589796066284180e-01
4.204640984535217285e-01
4.683996140956878662e-01
4.884721338748931885e-01
5.880935788154602051e-01
4.324560463428497314e-01
4.375585317611694336e-01
3.743996322154998779e-01
4.417800605297088623e-01
8.109349608421325684e-01
9.602735638618469238e-01
7.905657291412353516e-01
7.925000190734863281e-01
5.231997966766357422e-01
4.338823258876800537e-01
4.083330631256103516e-01
4.013508558273315430e-01
4.500056207180023193e-01
5.908010005950927734e-01
1.066580772399902344e+00
9.696182012557983398e-01
8.483330607414245605e-01
7.312932014465332031e-01
7.729081511497497559e-01
5.412988066673278809e-01
4.365926980972290039e-01
4.368542730808258057e-01
4.695997536182403564e-01
5.406715869903564453e-01
7.177622318267822266e-01
8.245171904563903809e-01
6.450127363204956055e-01
5.412011146545410156e-01
7.500448822975158691e-01
7.437157630920410156e-01
5.685325264930725098e-01
5.071350336074829102e-01
5.087564587593078613e-01
4.636355340480804443e-01
4.280773103237152100e-01
4.540513753890991211e-01
5.374017953872680664e-01
7.046635150909423828e-01
4.097205400466918945e-01
4.442787468433380127e-01
5.488836765289306641e-01
5.633323788642883301e-01
7.288528680801391602e-01
3.865801095962524414e-01
3.813450634479522705e-01
4.133349955081939697e-01
5.807833671569824219e-01
7.509264349937438965e-01
8.120504021644592285e-01
5.281414389610290527e-01
7.798873782157897949e-01
4.026236236095428467e-01
4.003318846225738525e-01
4.431369006633758545e-01
8.032427430152893066e-01
8.932517766952514648e-01
8.032191991806030273e-01
7.572632431983947754e-01
8.010137677192687988e-01
5.117982625961303711e-01
4.866591393947601318e-01
4.754272103309631348e-01
4.785598516464233398e-01
5.675432682037353516e-01
4.814897477626800537e-01
5.729482769966125488e-01
4.267092049121856689e-01
4.204918146133422852e-01
6.502315998077392578e-01
8.713743686676025391e-01
8.740778565406799316e-01
5.810083150863647461e-01
4.982171654701232910e-01
6.547647118568420410e-01
5.615248680114746094e-01
7.618386745452880859e-01
4.608470797538757324e-01
4.633542001247406006e-01
5.620033144950866699e-01
7.229614853858947754e-01
7.967963218688964844e-01
8.849879503250122070e-01
7.722837328910827637e-01
7.461975216865539551e-01
4.787148237228393555e-01
3.837605714797973633e-01
4.638302624225616455e-01
4.698595404624938965e-01
4.487320780754089355e-01
4.991827309131622314e-01
5.312774777412414551e-01
6.913843750953674316e-01
4.730860590934753418e-01
6.117052435874938965e-01
6.272180676460266113e-01
7.639331221580505371e-01
7.080041766166687012e-01
4.250815212726593018e-01
4.365678131580352783e-01
4.746959805488586426e-01
4.491892755031585693e-01
6.681007146835327148e-01
7.564116716384887695e-01
7.527501583099365234e-01
8.818063139915466309e-01
6.278662085533142090e-01
4.497506618499755859e-01
4.127415120601654053e-01
4.241913259029388428e-01
4.928780794143676758e-01
5.793495774269104004e-01
4.158986210823059082e-01
4.499939680099487305e-01
5.923597812652587891e-01
4.043819904327392578e-01
5.082666873931884766e-01
1.146741747856140137e+00
9.505934715270996094e-01
9.152986407279968262e-01
7.602230310440063477e-01
7.764860391616821289e-01
7.278772592544555664e-01
6.945365071296691895e-01
7.168342471122741699e-01
7.070353031158447266e-01
7.099017500877380371e-01
7.061094641685485840e-01
7.104554772377014160e-01
6.908891797065734863e-01
6.941547989845275879e-01
7.057830691337585449e-01
6.896274089813232422e-01
6.928593516349792480e-01
6.938421726226806641e-01
6.928395032882690430e-01
6.946416497230529785e-01
6.922068595886230469e-01
6.894910335540771484e-01
6.967645287513732910e-01
6.901922821998596191e-01
6.966783404350280762e-01
6.987060308456420898e-01
6.947405338287353516e-01
6.926479935646057129e-01
6.877485513687133789e-01
6.893432736396789551e-01
6.848416924476623535e-01
6.965252161026000977e-01
6.869564652442932129e-01
6.887068152427673340e-01
6.901765465736389160e-01
6.852031946182250977e-01
6.872320771217346191e-01
6.919465065002441406e-01
6.772404313087463379e-01
6.929183006286621094e-01
6.851109266281127930e-01
6.979098320007324219e-01
6.883326172828674316e-01
6.923803687095642090e-01
6.810292601585388184e-01
6.837593913078308105e-01
6.854631900787353516e-01
7.015002369880676270e-01
6.844787597656250000e-01
6.828609704971313477e-01
6.807637214660644531e-01
6.803569793701171875e-01
6.849092841148376465e-01
6.742624640464782715e-01
6.841304898262023926e-01
6.814983487129211426e-01
6.796538829803466797e-01
6.730501055717468262e-01
6.813977956771850586e-01
6.696836352348327637e-01
6.904937624931335449e-01
6.733338832855224609e-01
6.887735128402709961e-01
6.808406114578247070e-01
6.779634356498718262e-01
6.724432110786437988e-01
6.740817427635192871e-01
6.776417493820190430e-01
6.778586506843566895e-01
6.690928936004638672e-01
6.739332675933837891e-01
6.662314534187316895e-01
6.734752655029296875e-01
6.669210791587829590e-01
6.713438630104064941e-01
6.678153872489929199e-01
6.683406233787536621e-01
6.610988378524780273e-01
6.708106398582458496e-01
6.664161682128906250e-01
6.590644121170043945e-01
6.564984917640686035e-01
6.564645171165466309e-01
6.517384052276611328e-01
6.634774208068847656e-01
6.469236612319946289e-01
6.520407199859619141e-01
6.398805975914001465e-01
6.418345570564270020e-01
6.402042508125305176e-01
6.367644071578979492e-01
6.612370014190673828e-01
6.362699270248413086e-01
6.359493136405944824e-01
6.344309449195861816e-01
6.252881884574890137e-01
6.230286359786987305e-01
6.169790029525756836e-01
6.099686622619628906e-01
6.205526590347290039e-01
6.067084670066833496e-01
5.936971902847290039e-01
6.187160611152648926e-01
6.006271243095397949e-01
5.854786634445190430e-01
6.126545667648315430e-01
5.861826539039611816e-01
5.785698294639587402e-01
5.688978433609008789e-01
5.843909382820129395e-01
5.732238888740539551e-01
5.325240492820739746e-01
5.235972404479980469e-01
5.263603925704956055e-01
5.134400129318237305e-01
4.826479256153106689e-01
5.991887450218200684e-01
6.799803376197814941e-01
6.511333584785461426e-01
5.552251935005187988e-01
4.983862042427062988e-01
4.853372573852539062e-01
4.784471094608306885e-01
4.953560531139373779e-01
5.754541754722595215e-01
6.729434132575988770e-01
6.988682746887207031e-01
6.240022182464599609e-01
5.089977979660034180e-01
4.982720911502838135e-01
4.714161753654479980e-01
5.231989026069641113e-01
6.591479778289794922e-01
6.292344927787780762e-01
5.298097133636474609e-01
4.914130270481109619e-01
5.157663226127624512e-01
5.197573900222778320e-01
6.008989810943603516e-01
5.744044780731201172e-01
8.512557744979858398e-01
9.398134350776672363e-01
9.398448467254638672e-01
5.207378268241882324e-01
5.126516819000244141e-01
4.893776774406433105e-01
4.855383336544036865e-01
6.123149394989013672e-01
6.955870985984802246e-01
4.796533286571502686e-01
4.713399112224578857e-01
5.811381340026855469e-01
7.422071099281311035e-01
4.881103634834289551e-01
5.008245110511779785e-01
5.662237405776977539e-01
6.686891317367553711e-01
4.195435047149658203e-01
4.953140318393707275e-01
6.440883874893188477e-01
7.233135700225830078e-01
7.370212078094482422e-01
4.853545427322387695e-01
4.934736490249633789e-01
5.730258226394653320e-01
7.199192047119140625e-01
4.980093836784362793e-01
5.014284849166870117e-01
4.615992009639739990e-01
4.643649160861968994e-01
4.129911363124847412e-01
4.366613626480102539e-01
4.834722578525543213e-01
6.248202919960021973e-01
7.197606563568115234e-01
4.319095611572265625e-01
4.315431118011474609e-01
9.026184678077697754e-01
9.653766155242919922e-01
5.996845364570617676e-01
6.654788851737976074e-01
7.213349342346191406e-01
4.345818459987640381e-01
5.985350012779235840e-01
6.448541283607482910e-01
4.509560763835906982e-01
5.740952491760253906e-01
6.896296739578247070e-01
4.237678050994873047e-01
4.904793202877044678e-01
5.051804184913635254e-01
4.143809378147125244e-01
4.416453540325164795e-01
4.749029576778411865e-01
5.530848503112792969e-01
9.121291637420654297e-01
5.523453354835510254e-01
8.516011834144592285e-01
4.177171289920806885e-01
4.428387880325317383e-01
4.175315499305725098e-01
4.485946595668792725e-01
9.423061609268188477e-01
9.732962250709533691e-01
9.455308318138122559e-01
5.512336492538452148e-01
6.393536925315856934e-01
7.747464776039123535e-01
4.877078533172607422e-01
4.749957621097564697e-01
5.426959395408630371e-01
6.950356364250183105e-01
4.796188473701477051e-01
5.364846587181091309e-01
6.051777005195617676e-01
6.994159221649169922e-01
4.633913934230804443e-01
4.699509441852569580e-01
5.051215887069702148e-01
4.721473455429077148e-01
4.437393248081207275e-01
4.316970407962799072e-01
5.099060535430908203e-01
5.647685527801513672e-01
7.209588885307312012e-01
4.898276627063751221e-01
5.617043972015380859e-01
5.125626325607299805e-01
6.006271839141845703e-01
4.460029304027557373e-01
5.021063685417175293e-01
5.094456672668457031e-01
7.551175951957702637e-01
8.074682354927062988e-01
7.116081714630126953e-01
6.791291236877441406e-01
4.424235224723815918e-01
5.198826193809509277e-01
5.954564809799194336e-01
4.427831768989562988e-01
4.440216720104217529e-01
4.138722717761993408e-01
4.045606255531311035e-01
4.433076083660125732e-01
6.998185515403747559e-01
8.901841044425964355e-01
8.165150284767150879e-01
5.009558200836181641e-01
5.242780447006225586e-01
7.005298733711242676e-01
5.185831785202026367e-01
7.067387104034423828e-01
4.801727235317230225e-01
5.974078774452209473e-01
5.612339973449707031e-01
7.416274547576904297e-01
5.368361473083496094e-01
6.522358059883117676e-01
4.374423623085021973e-01
4.275581836700439453e-01
3.819789886474609375e-01
4.043659269809722900e-01
3.573895394802093506e-01
3.713918328285217285e-01
3.683184087276458740e-01
4.065259993076324463e-01
6.052392721176147461e-01
1.242544293403625488e+00
1.096915364265441895e+00
9.024729728698730469e-01
8.820164203643798828e-01
5.267369747161865234e-01
5.399945974349975586e-01
4.091823697090148926e-01
4.277740418910980225e-01
4.376542270183563232e-01
4.778099060058593750e-01
4.135860204696655273e-01
4.432756900787353516e-01
4.375673532485961914e-01
5.755259394645690918e-01
9.512279629707336426e-01
9.342668056488037109e-01
4.954273998737335205e-01
4.427643120288848877e-01
5.372532010078430176e-01
6.949552893638610840e-01
9.816651344299316406e-01
5.355848073959350586e-01
5.256460309028625488e-01
5.523016452789306641e-01
4.131423532962799072e-01
3.926467597484588623e-01
3.701629638671875000e-01
3.701482713222503662e-01
4.100539386272430420e-01
4.491387605667114258e-01
6.825582981109619141e-01
9.210829138755798340e-01
8.431444764137268066e-01
1.002111554145812988e+00
5.037992000579833984e-01
6.326625943183898926e-01
7.869794368743896484e-01
4.532226622104644775e-01
4.494191408157348633e-01
3.857296407222747803e-01
4.754306077957153320e-01
5.302687287330627441e-01
4.124267995357513428e-01
4.400957524776458740e-01
6.280249953269958496e-01
7.981423735618591309e-01
5.967343449592590332e-01
5.943939685821533203e-01
7.018495202064514160e-01
4.443598687648773193e-01
4.115259945392608643e-01
3.949632942676544189e-01
5.494002103805541992e-01
8.954377770423889160e-01
4.083571732044219971e-01
4.261673688888549805e-01
5.439782738685607910e-01
8.192725181579589844e-01
3.910844922065734863e-01
3.952669203281402588e-01
4.020229279994964600e-01
5.142726302146911621e-01
6.868127584457397461e-01
4.620809555053710938e-01
7.291430830955505371e-01
7.366581559181213379e-01
6.862624883651733398e-01
5.563433170318603516e-01
8.561888337135314941e-01
4.292603433132171631e-01
4.421949386596679688e-01
5.227819681167602539e-01
8.068789839744567871e-01
4.300369322299957275e-01
4.546286463737487793e-01
5.004703402519226074e-01
8.238468766212463379e-01
4.884812235832214355e-01
6.612985730171203613e-01
5.053377151489257812e-01
7.408729791641235352e-01
4.886300563812255859e-01
5.981869101524353027e-01
4.532911181449890137e-01
6.178332567214965820e-01
7.325423359870910645e-01
8.944642543792724609e-01
5.214073657989501953e-01
5.229049921035766602e-01
5.609676837921142578e-01
4.827665090560913086e-01
5.198122262954711914e-01
4.131298959255218506e-01
4.384666085243225098e-01
4.034550487995147705e-01
4.748063981533050537e-01
7.305993437767028809e-01
7.435969710350036621e-01
4.677941203117370605e-01
5.834876894950866699e-01
6.195123791694641113e-01
9.307357072830200195e-01
4.439450502395629883e-01
4.580762982368469238e-01
5.739548206329345703e-01
5.083314776420593262e-01
7.184425592422485352e-01
5.143656730651855469e-01
6.022580862045288086e-01
4.913509786128997803e-01
5.940325260162353516e-01
4.044741094112396240e-01
4.223084747791290283e-01
3.836852908134460449e-01
3.160371780395507812e-01
4.515026509761810303e-01
6.988302469253540039e-01
4.531360864639282227e-01
7.173627614974975586e-01
7.092944979667663574e-01
1.055109024047851562e+00
6.366558074951171875e-01
5.244290828704833984e-01
4.422811269760131836e-01
5.039514899253845215e-01
6.823515892028808594e-01
7.194318175315856934e-01
4.454378187656402588e-01
4.890292882919311523e-01
5.311177968978881836e-01
6.139827370643615723e-01
3.881438076496124268e-01
3.908120095729827881e-01
3.937673866748809814e-01
4.462683498859405518e-01
6.057667732238769531e-01
5.198698639869689941e-01
7.377052903175354004e-01
3.868695497512817383e-01
4.495261013507843018e-01
6.160642504692077637e-01
6.093237400054931641e-01
7.969267368316650391e-01
6.265451312065124512e-01
7.495899796485900879e-01
7.114920616149902344e-01
6.153532266616821289e-01
4.886061847209930420e-01
5.286604166030883789e-01
4.327681660652160645e-01
4.528937637805938721e-01
5.802675485610961914e-01
7.517706155776977539e-01
5.346687436103820801e-01
4.271256625652313232e-01
4.743505120277404785e-01
5.091444253921508789e-01
6.096262931823730469e-01
4.127218127250671387e-01
4.184349775314331055e-01
6.617249250411987305e-01
9.721028208732604980e-01
6.938800811767578125e-01
5.273093581199645996e-01
6.489046216011047363e-01
4.008429348468780518e-01
4.148416221141815186e-01
3.518024682998657227e-01
3.602169454097747803e-01
3.745641410350799561e-01
4.657906591892242432e-01
7.699759602546691895e-01
7.266129255294799805e-01
4.228619337081909180e-01
5.411978960037231445e-01
9.156636595726013184e-01
9.118412137031555176e-01
4.389036297798156738e-01
5.284194350242614746e-01
7.553127408027648926e-01
4.429844319820404053e-01
4.949624240398406982e-01
5.572242736816406250e-01
8.865117430686950684e-01
4.300081729888916016e-01
4.653254747390747070e-01
4.903596043586730957e-01
5.876179933547973633e-01
4.745771288871765137e-01
6.274054050445556641e-01
4.764791727066040039e-01
5.127715468406677246e-01
3.928987085819244385e-01
3.898364901542663574e-01
3.798159360885620117e-01
4.006563127040863037e-01
6.001012921333312988e-01
9.834681153297424316e-01
9.383723735809326172e-01
9.855400919914245605e-01
9.273851513862609863e-01
8.505698442459106445e-01
7.663199901580810547e-01
7.841492295265197754e-01
8.450066447257995605e-01
7.425671219825744629e-01
7.224862575531005859e-01
7.470379471778869629e-01
7.080054283142089844e-01
7.045189142227172852e-01
7.020983695983886719e-01
6.921923160552978516e-01
7.159250378608703613e-01
6.915155649185180664e-01
6.785621643066406250e-01
7.172524333000183105e-01
6.689534187316894531e-01
7.125079631805419922e-01
6.768006682395935059e-01
6.754903197288513184e-01
6.855143904685974121e-01
6.689918041229248047e-01
7.021187543869018555e-01
6.994655728340148926e-01
6.921745538711547852e-01
7.058705091476440430e-01
6.942272782325744629e-01
6.891784667968750000e-01
6.886494159698486328e-01
6.858231425285339355e-01
6.870705485343933105e-01
6.867752671241760254e-01
6.886457800865173340e-01
6.932724118232727051e-01
6.876989603042602539e-01
6.865144968032836914e-01
6.922019124031066895e-01
6.847835779190063477e-01
6.887294054031372070e-01
6.859716176986694336e-01
6.907735466957092285e-01
6.834967732429504395e-01
6.908172369003295898e-01
6.863986849784851074e-01
6.845291256904602051e-01
6.850820183753967285e-01
6.842254400253295898e-01
6.854515075683593750e-01
6.804075837135314941e-01
6.769855618476867676e-01
6.805343627929687500e-01
6.893534064292907715e-01
6.866828799247741699e-01
6.815479993820190430e-01
6.788638234138488770e-01
6.728017926216125488e-01
6.864770650863647461e-01
6.820789575576782227e-01
6.742984056472778320e-01
6.745100617408752441e-01
6.842673420906066895e-01
6.910064220428466797e-01
6.738966107368469238e-01
6.661486029624938965e-01
6.844795942306518555e-01
6.836773157119750977e-01
6.717593669891357422e-01
6.668647527694702148e-01
6.836590766906738281e-01
6.835665106773376465e-01
6.761919260025024414e-01
6.785005927085876465e-01
6.717387437820434570e-01
6.811253428459167480e-01
6.732053160667419434e-01
6.735027432441711426e-01
6.736902594566345215e-01
6.747033596038818359e-01
6.732148528099060059e-01
6.776806712150573730e-01
6.705710887908935547e-01
6.742319464683532715e-01
6.716152429580688477e-01
6.657392978668212891e-01
6.733930110931396484e-01
6.689274311065673828e-01
6.702167987823486328e-01
6.679965257644653320e-01
6.730700135231018066e-01
6.645219922065734863e-01
6.584542989730834961e-01
6.564931273460388184e-01
6.701810956001281738e-01
6.721292138099670410e-01
6.624105572700500488e-01
6.655570268630981445e-01
6.640475392341613770e-01
6.363027691841125488e-01
6.651382446289062500e-01
6.695330142974853516e-01
6.528462171554565430e-01
6.512274742126464844e-01
6.561153531074523926e-01
6.637489199638366699e-01
6.730232238769531250e-01
6.600526571273803711e-01
6.493915319442749023e-01
6.557381153106689453e-01
6.498401165008544922e-01
6.464006304740905762e-01
6.674283742904663086e-01
6.416974663734436035e-01
6.388123035430908203e-01
6.358159780502319336e-01
6.412755846977233887e-01
6.460993885993957520e-01
6.436147093772888184e-01
6.346166729927062988e-01
6.347535252571105957e-01
6.301734447479248047e-01
6.645382642745971680e-01
6.192159056663513184e-01
6.120525598526000977e-01
6.081067919731140137e-01
6.100397109985351562e-01
6.158238053321838379e-01
6.161283254623413086e-01
6.363801360130310059e-01
5.981339812278747559e-01
6.431781649589538574e-01
5.910097360610961914e-01
6.250568628311157227e-01
6.800698041915893555e-01
7.163318395614624023e-01
5.958082675933837891e-01
6.085531711578369141e-01
6.017048358917236328e-01
5.771549344062805176e-01
5.631231069564819336e-01
6.047472357749938965e-01
5.902147889137268066e-01
6.636672019958496094e-01
5.757958889007568359e-01
5.574321150779724121e-01
5.449614524841308594e-01
5.136220455169677734e-01
6.167004704475402832e-01
7.367995381355285645e-01
5.486976504325866699e-01
5.418837070465087891e-01
5.199426412582397461e-01
5.118280649185180664e-01
5.817190408706665039e-01
6.095182895660400391e-01
5.485498905181884766e-01
5.554478764533996582e-01
5.371884703636169434e-01
4.923492372035980225e-01
4.871627688407897949e-01
5.041412711143493652e-01
5.324794054031372070e-01
7.003946900367736816e-01
7.916343808174133301e-01
5.261057019233703613e-01
5.597994327545166016e-01
5.774918198585510254e-01
7.511444091796875000e-01
5.188554525375366211e-01
4.878821074962615967e-01
5.019617080688476562e-01
5.192068219184875488e-01
5.632608532905578613e-01
7.974913120269775391e-01
5.134211778640747070e-01
4.816187024116516113e-01
5.128552913665771484e-01
6.027657985687255859e-01
7.679369449615478516e-01
4.876796603202819824e-01
4.820891320705413818e-01
4.549972414970397949e-01
4.594156742095947266e-01
6.133418083190917969e-01
9.161974191665649414e-01
8.254477977752685547e-01
5.384680032730102539e-01
4.738555550575256348e-01
4.594065845012664795e-01
4.653157293796539307e-01
5.054106712341308594e-01
6.066663861274719238e-01
7.821099162101745605e-01
7.073916792869567871e-01
4.891808629035949707e-01
4.564440846443176270e-01
4.891997873783111572e-01
6.917876601219177246e-01
6.109828352928161621e-01
6.322895288467407227e-01
5.010753273963928223e-01
5.068421363830566406e-01
6.019688248634338379e-01
5.815731287002563477e-01
4.951557219028472900e-01
4.517859518527984619e-01
4.333871603012084961e-01
4.361293911933898926e-01
5.224791169166564941e-01
7.236837744712829590e-01
6.436182260513305664e-01
5.388497710227966309e-01
5.469498634338378906e-01
6.345329284667968750e-01
5.357226729393005371e-01
4.440380036830902100e-01
4.101203083992004395e-01
4.996860027313232422e-01
6.348095536231994629e-01
6.409463286399841309e-01
6.954157352447509766e-01
4.835028350353240967e-01
5.000160932540893555e-01
4.916867911815643311e-01
5.262395739555358887e-01
4.901598989963531494e-01
4.679836630821228027e-01
4.584154486656188965e-01
4.631638824939727783e-01
5.621404051780700684e-01
8.476598262786865234e-01
4.533920586109161377e-01
5.602294802665710449e-01
7.981864213943481445e-01
5.701633691787719727e-01
6.027649641036987305e-01
4.424013197422027588e-01
4.436852633953094482e-01
4.782952964305877686e-01
6.360509991645812988e-01
1.197897195816040039e+00
6.423990726470947266e-01
5.250517725944519043e-01
5.428752303123474121e-01
7.752711772918701172e-01
9.914806485176086426e-01
6.248994469642639160e-01
5.983611941337585449e-01
5.942776799201965332e-01
4.718712568283081055e-01
4.637276530265808105e-01
4.778222739696502686e-01
4.932725429534912109e-01
4.322921633720397949e-01
4.204241633415222168e-01
4.670475423336029053e-01
7.852106690406799316e-01
7.724054455757141113e-01
7.587289214134216309e-01
6.005732417106628418e-01
5.408383011817932129e-01
4.362033009529113770e-01
4.456135928630828857e-01
4.552026093006134033e-01
4.581422507762908936e-01
4.942812323570251465e-01
5.804076790809631348e-01
7.512974739074707031e-01
4.401833713054656982e-01
4.697605967521667480e-01
5.148760676383972168e-01
8.211286067962646484e-01
5.905785560607910156e-01
8.211284875869750977e-01
4.262396097183227539e-01
3.872540295124053955e-01
5.895103812217712402e-01
7.425830960273742676e-01
4.263625741004943848e-01
4.601308405399322510e-01
7.690296769142150879e-01
7.910001873970031738e-01
4.345811009407043457e-01
4.050888717174530029e-01
3.804431557655334473e-01
3.883967697620391846e-01
4.182308316230773926e-01
5.190466046333312988e-01
6.919238567352294922e-01
4.260178506374359131e-01
6.737989187240600586e-01
1.301011085510253906e+00
9.024330973625183105e-01
8.596535325050354004e-01
8.912135362625122070e-01
5.024214386940002441e-01
4.529804885387420654e-01
5.007008314132690430e-01
4.977881908416748047e-01
6.879736185073852539e-01
3.491900265216827393e-01
3.848237693309783936e-01
4.751430749893188477e-01
6.701471209526062012e-01
6.233096122741699219e-01
9.848709702491760254e-01
4.161029160022735596e-01
4.191014170646667480e-01
4.750679135322570801e-01
7.266601324081420898e-01
8.306606411933898926e-01
1.002025604248046875e+00
5.902529954910278320e-01
4.852174520492553711e-01
4.947039783000946045e-01
4.065348803997039795e-01
3.953605294227600098e-01
3.893312811851501465e-01
4.036003351211547852e-01
4.678560197353363037e-01
4.557140767574310303e-01
6.916058063507080078e-01
4.904259145259857178e-01
6.946240067481994629e-01
3.955766260623931885e-01
4.146976172924041748e-01
4.430446624755859375e-01
6.283522248268127441e-01
8.949997425079345703e-01
4.624387621879577637e-01
5.602668523788452148e-01
9.006368517875671387e-01
4.022553265094757080e-01
4.402055442333221436e-01
5.173313021659851074e-01
3.417763411998748779e-01
3.767598867416381836e-01
3.967143893241882324e-01
7.003962993621826172e-01
9.784599542617797852e-01
6.792302131652832031e-01
3.940522372722625732e-01
3.689209818840026855e-01
4.558812379837036133e-01
4.598657190799713135e-01
5.897775888442993164e-01
3.912196755409240723e-01
3.716488182544708252e-01
3.925951421260833740e-01
6.237670183181762695e-01
1.054680109024047852e+00
9.443395733833312988e-01
3.737893402576446533e-01
5.123366713523864746e-01
6.402585506439208984e-01
4.227583706378936768e-01
4.330800771713256836e-01
6.713919639587402344e-01
4.895751178264617920e-01
6.626968979835510254e-01
3.544165790081024170e-01
3.521105051040649414e-01
3.554253280162811279e-01
3.595016598701477051e-01
3.168594241142272949e-01
3.012875616550445557e-01
3.836266994476318359e-01
7.000666856765747070e-01
4.882726669311523438e-01
6.982703208923339844e-01
6.051463484764099121e-01
7.848694324493408203e-01
1.107500553131103516e+00
1.061742186546325684e+00
7.908934950828552246e-01
4.513800442218780518e-01
5.611242651939392090e-01
6.350337862968444824e-01
5.081585049629211426e-01
4.337677061557769775e-01
5.198573470115661621e-01
4.260987937450408936e-01
5.764439105987548828e-01
5.523190498352050781e-01
7.471879720687866211e-01
3.628128767013549805e-01
3.659160733222961426e-01
4.065648019313812256e-01
4.726098775863647461e-01
4.042050838470458984e-01
5.831053853034973145e-01
7.883810400962829590e-01
9.136025309562683105e-01
1.020956277847290039e+00
7.030432224273681641e-01
7.239895462989807129e-01
8.743353486061096191e-01
7.192844152450561523e-01
6.903774738311767578e-01
7.208282351493835449e-01
7.241011261940002441e-01
7.168129682540893555e-01
6.918250918388366699e-01
6.825405359268188477e-01
6.891334056854248047e-01
6.992219686508178711e-01
7.116248607635498047e-01
6.921119093894958496e-01
6.901704668998718262e-01
6.955835223197937012e-01
7.016302347183227539e-01
6.906346082687377930e-01
6.840368509292602539e-01
6.992523670196533203e-01
7.073462605476379395e-01
6.943993568420410156e-01
6.963126659393310547e-01
6.894493699073791504e-01
6.872520446777343750e-01
6.823109388351440430e-01
7.132903933525085449e-01
7.034775018692016602e-01
6.958637833595275879e-01
6.941039562225341797e-01
6.930309534072875977e-01
6.947336792945861816e-01
7.008993625640869141e-01
6.947702169418334961e-01
6.920078396797180176e-01
6.961577534675598145e-01
6.921690106391906738e-01
6.970053315162658691e-01
6.935950517654418945e-01
6.812387704849243164e-01
6.895763874053955078e-01
7.042766809463500977e-01
6.928953528404235840e-01
7.008287310600280762e-01
6.931495070457458496e-01
6.939315199851989746e-01
6.885188221931457520e-01
6.935787200927734375e-01
6.953794360160827637e-01
7.044509649276733398e-01
6.902201175689697266e-01
6.848155260086059570e-01
7.064682841300964355e-01
6.932130455970764160e-01
6.909892559051513672e-01
6.988043189048767090e-01
6.986261606216430664e-01
6.899319291114807129e-01
6.931574940681457520e-01
6.928549408912658691e-01
6.875507831573486328e-01
6.884765028953552246e-01
7.146323919296264648e-01
6.940711140632629395e-01
6.922716498374938965e-01
6.992890238761901855e-01
6.933898925781250000e-01
6.918900012969970703e-01
6.980028748512268066e-01
6.922433376312255859e-01
6.892035007476806641e-01
6.813358068466186523e-01
6.902691721916198730e-01
7.084677219390869141e-01
6.969136595726013184e-01
6.970993280410766602e-01
6.959479451179504395e-01
6.935166120529174805e-01
6.972112059593200684e-01
6.938342452049255371e-01
6.938536167144775391e-01
6.967571377754211426e-01
6.934782266616821289e-01
6.853703260421752930e-01
6.983688473701477051e-01
7.016130089759826660e-01
6.905674934387207031e-01
6.870843768119812012e-01
6.805276274681091309e-01
7.000664472579956055e-01
6.928945183753967285e-01
6.919211745262145996e-01
6.948825716972351074e-01
6.933942437171936035e-01
7.010201811790466309e-01
6.921308636665344238e-01
6.909233927726745605e-01
6.902392506599426270e-01
6.892261505126953125e-01
6.834272742271423340e-01
6.870408058166503906e-01
6.898806691169738770e-01
6.806997656822204590e-01
7.067394852638244629e-01
6.780163049697875977e-01
6.947893500328063965e-01
6.836903095245361328e-01
6.741859912872314453e-01
6.921163201332092285e-01
7.074928879737854004e-01
7.154991030693054199e-01
6.918357610702514648e-01
7.053825259208679199e-01
6.972029805183410645e-01
7.050747871398925781e-01
6.947743892669677734e-01
6.919468641281127930e-01
6.921991109848022461e-01
6.937937140464782715e-01
6.972975134849548340e-01
6.946477293968200684e-01
6.922426819801330566e-01
6.893607974052429199e-01
6.985149979591369629e-01
6.977269649505615234e-01
6.924422383308410645e-01
6.889016032218933105e-01
7.008638978004455566e-01
6.894180178642272949e-01
6.855995059013366699e-01
6.761859059333801270e-01
7.297481298446655273e-01
6.947637796401977539e-01
6.960420012474060059e-01
6.955035328865051270e-01
6.930504441261291504e-01
6.910029649734497070e-01
7.011942267417907715e-01
6.897782087326049805e-01
6.823098659515380859e-01
6.836462616920471191e-01
7.046403288841247559e-01
6.993103027343750000e-01
6.976708769798278809e-01
6.917005181312561035e-01
6.860271692276000977e-01
7.013342976570129395e-01
7.033355236053466797e-01
6.949313879013061523e-01
6.929061412811279297e-01
6.944130063056945801e-01
6.996555924415588379e-01
6.908836364746093750e-01
6.978710889816284180e-01
6.925730705261230469e-01
6.953490972518920898e-01
6.918338537216186523e-01
6.920441389083862305e-01
6.932657361030578613e-01
6.974751353263854980e-01
6.874330639839172363e-01
7.000380754470825195e-01
7.039743065834045410e-01
6.971404552459716797e-01
6.904327273368835449e-01
6.979895234107971191e-01
6.992387175559997559e-01
6.910920143127441406e-01
6.914317607879638672e-01
6.947347521781921387e-01
7.018395066261291504e-01
6.889932155609130859e-01
6.936888694763183594e-01
6.946590542793273926e-01
6.909082531929016113e-01
6.838405728340148926e-01
6.896577477455139160e-01
6.918300390243530273e-01
6.815440654754638672e-01
7.000817060470581055e-01
6.855204105377197266e-01
6.876761913299560547e-01
6.907589435577392578e-01
6.997544169425964355e-01
6.848382353782653809e-01
6.808321475982666016e-01
6.850023865699768066e-01
6.959552764892578125e-01
7.229648828506469727e-01
6.907935142517089844e-01
6.977487802505493164e-01
6.971188187599182129e-01
6.923725605010986328e-01
6.990928649902343750e-01
6.960246562957763672e-01
6.901608109474182129e-01
6.981040835380554199e-01
6.926242113113403320e-01
6.916509270668029785e-01
6.945784687995910645e-01
6.905002593994140625e-01
6.924238801002502441e-01
6.860203742980957031e-01
7.082212567329406738e-01
6.928110718727111816e-01
6.936129927635192871e-01
6.967648267745971680e-01
6.955814957618713379e-01
6.979525089263916016e-01
6.918004751205444336e-01
6.925897002220153809e-01
6.898961067199707031e-01
7.003865838050842285e-01
6.940538883209228516e-01
6.865256428718566895e-01
7.135498523712158203e-01
6.996076107025146484e-01
6.925211548805236816e-01
6.878403425216674805e-01
7.129844427108764648e-01
6.912610530853271484e-01
6.990610361099243164e-01
6.941873431205749512e-01
6.919468045234680176e-01
6.919248104095458984e-01
6.931515336036682129e-01
6.928733587265014648e-01
6.938218474388122559e-01
6.956147551536560059e-01
6.953684091567993164e-01
6.901380419731140137e-01
6.897997856140136719e-01
6.920506358146667480e-01
6.966468691825866699e-01
6.988860368728637695e-01
6.930524706840515137e-01
6.912045478820800781e-01
6.990724802017211914e-01
6.962360143661499023e-01
6.931053996086120605e-01
6.898999214172363281e-01
6.976348161697387695e-01
7.003043889999389648e-01
6.941986083984375000e-01
6.986482143402099609e-01
6.966997385025024414e-01
6.901356577873229980e-01
6.900115013122558594e-01
6.917293071746826172e-01
6.774485111236572266e-01
6.960029006004333496e-01
7.033970355987548828e-01
7.045227885246276855e-01
6.829327344894409180e-01
6.829060316085815430e-01
6.916742920875549316e-01
7.097074389457702637e-01
6.836543083190917969e-01
7.075472474098205566e-01
6.866939663887023926e-01
6.923108100891113281e-01
6.874658465385437012e-01
6.988977193832397461e-01
6.875495314598083496e-01
6.814351081848144531e-01
6.815556287765502930e-01
6.889600157737731934e-01
7.010411620140075684e-01
6.914860010147094727e-01
7.072892785072326660e-01
6.962296366691589355e-01
6.883515119552612305e-01
6.820452213287353516e-01
6.799402832984924316e-01
7.206172347068786621e-01
7.013925909996032715e-01
6.944392919540405273e-01
6.936664581298828125e-01
7.000231146812438965e-01
6.949217319488525391e-01
7.026165723800659180e-01
6.942322254180908203e-01
6.974331140518188477e-01
6.943650245666503906e-01
6.921853423118591309e-01
6.909508705139160156e-01
6.987912058830261230e-01
6.934850811958312988e-01
6.920422315597534180e-01
6.953955888748168945e-01
6.900435090065002441e-01
6.981501579284667969e-01
6.943601965904235840e-01
6.960694193840026855e-01
6.961699724197387695e-01
6.892693042755126953e-01
6.934542655944824219e-01
6.857631802558898926e-01
6.687158346176147461e-01
7.136366963386535645e-01
7.103446722030639648e-01
6.974045038223266602e-01
6.942710876464843750e-01
7.005620598793029785e-01
6.987222433090209961e-01
6.937986612319946289e-01
6.953531503677368164e-01
6.819134354591369629e-01
6.813246011734008789e-01
6.794518232345581055e-01
6.738221049308776855e-01
6.809904575347900391e-01
7.326900959014892578e-01
7.089696526527404785e-01
6.918146014213562012e-01
6.918823122978210449e-01
6.861431002616882324e-01
7.011029720306396484e-01
7.005590200424194336e-01
7.002627849578857422e-01
6.947138905525207520e-01
6.913126111030578613e-01
7.172194719314575195e-01
6.948275566101074219e-01
6.929593682289123535e-01
7.178043127059936523e-01
6.887038350105285645e-01
6.932005882263183594e-01
6.905874013900756836e-01
7.008605003356933594e-01
6.871774196624755859e-01
6.927317976951599121e-01
6.929152011871337891e-01
6.931903362274169922e-01
6.922661066055297852e-01
6.866964697837829590e-01
6.933503746986389160e-01
6.916531324386596680e-01
6.876026391983032227e-01
