0.000000000000000000e+00
7.446796298027038574e-01
6.398929953575134277e-01
7.534190416336059570e-01
7.592642903327941895e-01
7.999079823493957520e-01
6.637630462646484375e-01
7.084760069847106934e-01
7.044094800949096680e-01
7.044269442558288574e-01
7.500183582305908203e-01
7.357874512672424316e-01
7.299183607101440430e-01
7.463775873184204102e-01
7.024231553077697754e-01
6.947669386863708496e-01
6.834299564361572266e-01
6.768524050712585449e-01
6.934400796890258789e-01
7.603152990341186523e-01
7.013713121414184570e-01
7.143372297286987305e-01
6.963874101638793945e-01
7.029443979263305664e-01
7.190952897071838379e-01
6.889410614967346191e-01
6.955716609954833984e-01
6.922301650047302246e-01
6.889379620552062988e-01
6.831942796707153320e-01
6.870897412300109863e-01
6.923765540122985840e-01
6.780865192413330078e-01
7.281019687652587891e-01
6.978969573974609375e-01
6.779392957687377930e-01
6.947805881500244141e-01
7.000261545181274414e-01
7.063071727752685547e-01
6.972103714942932129e-01
6.835149526596069336e-01
6.750499010086059570e-01
6.879267096519470215e-01
7.175282835960388184e-01
6.934713125228881836e-01
6.998283863067626953e-01
6.815782785415649414e-01
7.098312377929687500e-01
6.871187090873718262e-01
6.901299357414245605e-01
6.801996827125549316e-01
6.887443661689758301e-01
6.875403523445129395e-01
6.897605657577514648e-01
6.976562738418579102e-01
6.829738020896911621e-01
6.948910355567932129e-01
6.900308132171630859e-01
6.747654676437377930e-01
6.876018047332763672e-01
6.705257892608642578e-01
6.863668560981750488e-01
6.819465756416320801e-01
6.939317584037780762e-01
6.917045712471008301e-01
7.004399895668029785e-01
6.748449802398681641e-01
6.771224737167358398e-01
6.698449850082397461e-01
6.860250234603881836e-01
6.878975033760070801e-01
6.940073966979980469e-01
6.866127848625183105e-01
6.771294474601745605e-01
6.626843810081481934e-01
6.798768639564514160e-01
6.735651493072509766e-01
6.609687209129333496e-01
6.731364727020263672e-01
6.830646395683288574e-01
7.006772756576538086e-01
6.866408586502075195e-01
6.786168813705444336e-01
6.856622099876403809e-01
6.846172809600830078e-01
6.803569793701171875e-01
6.803873181343078613e-01
6.795393228530883789e-01
6.829691529273986816e-01
6.737392544746398926e-01
6.785194873809814453e-01
6.589980125427246094e-01
6.600365638732910156e-01
6.635513305664062500e-01
6.323278546333312988e-01
6.866990923881530762e-01
6.578196883201599121e-01
6.882805824279785156e-01
6.745854020118713379e-01
7.060119509696960449e-01
6.896625757217407227e-01
6.625435352325439453e-01
6.739006042480468750e-01
6.585794091224670410e-01
6.924808621406555176e-01
6.693125963211059570e-01
6.609976291656494141e-01
6.835168600082397461e-01
6.623365879058837891e-01
6.628747582435607910e-01
6.633815169334411621e-01
6.767321228981018066e-01
6.720664501190185547e-01
6.716924905776977539e-01
6.795812845230102539e-01
6.640741229057312012e-01
6.708920001983642578e-01
6.679750084877014160e-01
6.739976406097412109e-01
6.642224192619323730e-01
6.660655140876770020e-01
6.683795452117919922e-01
6.577677726745605469e-01
6.604502797126770020e-01
6.667504310607910156e-01
6.568595170974731445e-01
6.797616481781005859e-01
6.597045660018920898e-01
6.579355001449584961e-01
6.587021350860595703e-01
6.582153439521789551e-01
6.490989923477172852e-01
6.503429412841796875e-01
6.799997687339782715e-01
6.546262502670288086e-01
6.533318161964416504e-01
6.649472117424011230e-01
6.523824334144592285e-01
6.558129787445068359e-01
6.539452075958251953e-01
6.538189649581909180e-01
6.542004942893981934e-01
6.430707573890686035e-01
6.586406826972961426e-01
6.413272023200988770e-01
6.585417985916137695e-01
6.397532820701599121e-01
6.303560733795166016e-01
6.297267675399780273e-01
6.630696058273315430e-01
6.468273997306823730e-01
6.469619274139404297e-01
6.412516236305236816e-01
6.367974281311035156e-01
6.444773674011230469e-01
6.416532397270202637e-01
6.335812211036682129e-01
6.305658817291259766e-01
6.498827338218688965e-01
6.313944458961486816e-01
6.270270347595214844e-01
6.173626780509948730e-01
6.286850571632385254e-01
6.260764002799987793e-01
6.279404163360595703e-01
6.278067231178283691e-01
6.446102261543273926e-01
6.309647560119628906e-01
5.967679023742675781e-01
6.258739233016967773e-01
5.959811210632324219e-01
6.389894485473632812e-01
6.113716363906860352e-01
5.891507267951965332e-01
6.821495294570922852e-01
6.184957623481750488e-01
6.207851171493530273e-01
6.114485263824462891e-01
6.098742485046386719e-01
5.966484546661376953e-01
6.352799534797668457e-01
6.063655018806457520e-01
6.052139401435852051e-01
6.032602190971374512e-01
6.013990640640258789e-01
5.790413022041320801e-01
5.812581777572631836e-01
6.497126221656799316e-01
6.228481531143188477e-01
5.816393494606018066e-01
6.358840465545654297e-01
5.915104150772094727e-01
5.813708305358886719e-01
5.890711545944213867e-01
5.780265331268310547e-01
5.878405570983886719e-01
5.865247845649719238e-01
6.107972860336303711e-01
5.865820050239562988e-01
5.510353446006774902e-01
6.387674212455749512e-01
5.945779085159301758e-01
5.669250488281250000e-01
5.848625898361206055e-01
5.732786655426025391e-01
5.672020912170410156e-01
6.281392574310302734e-01
5.831870436668395996e-01
5.858545303344726562e-01
5.882737636566162109e-01
6.139214038848876953e-01
6.290740966796875000e-01
5.612764358520507812e-01
5.621322393417358398e-01
5.622310042381286621e-01
5.615500807762145996e-01
5.780765414237976074e-01
5.914266109466552734e-01
6.072067022323608398e-01
6.205223202705383301e-01
5.353228449821472168e-01
5.503215193748474121e-01
5.670044422149658203e-01
5.634792447090148926e-01
5.829441547393798828e-01
6.292434334754943848e-01
6.051006317138671875e-01
5.754222273826599121e-01
6.053568124771118164e-01
6.869484782218933105e-01
7.341785430908203125e-01
5.130870342254638672e-01
5.686024427413940430e-01
6.458624005317687988e-01
8.170795440673828125e-01
6.805207729339599609e-01
5.303447246551513672e-01
5.389999747276306152e-01
5.659168362617492676e-01
6.122688651084899902e-01
6.459766626358032227e-01
5.425943732261657715e-01
5.300360321998596191e-01
5.038616657257080078e-01
4.959621727466583252e-01
4.915937483310699463e-01
6.106421947479248047e-01
8.674776554107666016e-01
8.817458152770996094e-01
6.197481751441955566e-01
5.663219690322875977e-01
6.088868975639343262e-01
6.651507019996643066e-01
7.401907444000244141e-01
5.709452033042907715e-01
6.479195952415466309e-01
6.404473185539245605e-01
7.713442444801330566e-01
6.012933850288391113e-01
6.774448156356811523e-01
6.452912092208862305e-01
5.705015659332275391e-01
5.424911975860595703e-01
5.318810939788818359e-01
4.944072663784027100e-01
5.109037160873413086e-01
5.342477560043334961e-01
5.895196795463562012e-01
5.427777767181396484e-01
5.197332501411437988e-01
5.062817931175231934e-01
5.611006021499633789e-01
6.402770280838012695e-01
6.153604388236999512e-01
6.336910128593444824e-01
5.310237407684326172e-01
5.494180917739868164e-01
5.925559401512145996e-01
6.395919322967529297e-01
7.787360548973083496e-01
6.044867038726806641e-01
4.952694773674011230e-01
5.063681006431579590e-01
5.124997496604919434e-01
7.362794280052185059e-01
8.780047893524169922e-01
5.962270498275756836e-01
5.434071421623229980e-01
5.392280817031860352e-01
5.849773287773132324e-01
6.728240251541137695e-01
6.744416952133178711e-01
6.631853580474853516e-01
7.750384807586669922e-01
6.728630065917968750e-01
7.331662178039550781e-01
5.692136883735656738e-01
5.577022433280944824e-01
5.910369753837585449e-01
7.207492589950561523e-01
5.659631490707397461e-01
6.353074908256530762e-01
5.534017086029052734e-01
5.092412233352661133e-01
5.017673373222351074e-01
4.870474338531494141e-01
5.022797584533691406e-01
5.000711679458618164e-01
5.271961092948913574e-01
5.516399741172790527e-01
4.596371054649353027e-01
4.671066403388977051e-01
5.666842460632324219e-01
6.034187674522399902e-01
4.886024892330169678e-01
4.923719167709350586e-01
5.563654899597167969e-01
9.704594612121582031e-01
1.143096089363098145e+00
5.174753665924072266e-01
4.822262227535247803e-01
4.764310717582702637e-01
4.929692149162292480e-01
4.833512604236602783e-01
5.932023525238037109e-01
1.071594595909118652e+00
7.849276065826416016e-01
8.502548336982727051e-01
5.448495745658874512e-01
5.759875774383544922e-01
5.401075482368469238e-01
5.366126298904418945e-01
4.581158459186553955e-01
4.858850538730621338e-01
7.191154956817626953e-01
8.378701210021972656e-01
5.048576593399047852e-01
4.924620091915130615e-01
5.044860243797302246e-01
6.591734886169433594e-01
7.449790239334106445e-01
8.625607490539550781e-01
7.450830936431884766e-01
5.948415994644165039e-01
6.016964912414550781e-01
6.663129925727844238e-01
6.657302975654602051e-01
7.543924450874328613e-01
8.044332861900329590e-01
5.944988131523132324e-01
5.429160594940185547e-01
5.170760750770568848e-01
6.096047759056091309e-01
7.083985209465026855e-01
5.635195374488830566e-01
6.193842887878417969e-01
5.736444592475891113e-01
6.412612199783325195e-01
8.038554191589355469e-01
6.348068118095397949e-01
5.385987162590026855e-01
5.191290974617004395e-01
5.404596924781799316e-01
6.952623724937438965e-01
7.264602780342102051e-01
5.753461718559265137e-01
5.238974094390869141e-01
5.668432116508483887e-01
8.021528124809265137e-01
6.875759959220886230e-01
4.866985976696014404e-01
4.815998077392578125e-01
4.959951341152191162e-01
5.027619004249572754e-01
5.221785902976989746e-01
6.129838824272155762e-01
7.512277364730834961e-01
1.037259936332702637e+00
5.554268360137939453e-01
5.358726382255554199e-01
4.894925951957702637e-01
4.939738810062408447e-01
4.912081062793731689e-01
4.963302314281463623e-01
5.043531656265258789e-01
5.414136648178100586e-01
5.800688266754150391e-01
8.773671984672546387e-01
1.139487504959106445e+00
5.809770226478576660e-01
7.195981740951538086e-01
9.229370951652526855e-01
5.218787789344787598e-01
5.122305154800415039e-01
4.813833534717559814e-01
4.833365380764007568e-01
5.071633458137512207e-01
6.195828914642333984e-01
7.784753441810607910e-01
5.113859772682189941e-01
5.206580162048339844e-01
4.806967973709106445e-01
4.908529222011566162e-01
4.866259694099426270e-01
5.533695816993713379e-01
8.133575320243835449e-01
6.945620179176330566e-01
5.177744626998901367e-01
5.054131150245666504e-01
5.303613543510437012e-01
6.390137076377868652e-01
8.308218121528625488e-01
4.738041162490844727e-01
4.992693066596984863e-01
6.003695726394653320e-01
6.814401149749755859e-01
6.917341351509094238e-01
4.800149798393249512e-01
5.262600183486938477e-01
4.320508837699890137e-01
4.650555849075317383e-01
4.777307808399200439e-01
5.116400122642517090e-01
5.937705039978027344e-01
6.508955359458923340e-01
7.484314441680908203e-01
8.625748157501220703e-01
8.322027325630187988e-01
5.576073527336120605e-01
6.321598291397094727e-01
6.351107954978942871e-01
5.420219302177429199e-01
4.639683663845062256e-01
5.587986707687377930e-01
7.635626792907714844e-01
7.680802345275878906e-01
6.496412754058837891e-01
5.899695158004760742e-01
5.906262397766113281e-01
6.078044176101684570e-01
5.030914545059204102e-01
4.834539890289306641e-01
5.036351680755615234e-01
5.755766034126281738e-01
7.681347727775573730e-01
1.073181033134460449e+00
5.065186023712158203e-01
5.566055178642272949e-01
5.014186501502990723e-01
5.322316884994506836e-01
5.972642302513122559e-01
7.330601215362548828e-01
5.329944491386413574e-01
6.051078438758850098e-01
7.158244848251342773e-01
6.955149173736572266e-01
4.796605408191680908e-01
4.788604080677032471e-01
4.681123793125152588e-01
5.201017260551452637e-01
7.714650034904479980e-01
7.297557592391967773e-01
4.848157763481140137e-01
4.723413884639739990e-01
5.007748603820800781e-01
5.787994861602783203e-01
7.860777974128723145e-01
4.188861846923828125e-01
4.538228213787078857e-01
4.690653979778289795e-01
4.633762240409851074e-01
5.178502798080444336e-01
6.562908291816711426e-01
7.660565972328186035e-01
5.684553384780883789e-01
7.550430893898010254e-01
6.683276891708374023e-01
7.782230973243713379e-01
5.298952460289001465e-01
5.014469027519226074e-01
5.122172236442565918e-01
6.250542402267456055e-01
5.935936570167541504e-01
6.422637701034545898e-01
6.683833599090576172e-01
7.963166236877441406e-01
7.770738005638122559e-01
6.760271191596984863e-01
5.346945524215698242e-01
4.994738101959228516e-01
4.598189890384674072e-01
4.657545089721679688e-01
4.571620225906372070e-01
4.723636209964752197e-01
5.574702024459838867e-01
9.471801519393920898e-01
5.798853039741516113e-01
6.893889904022216797e-01
4.802803695201873779e-01
4.769066274166107178e-01
4.316388368606567383e-01
4.677118659019470215e-01
6.089971065521240234e-01
8.037149906158447266e-01
9.177828431129455566e-01
6.035282015800476074e-01
7.292025685310363770e-01
5.149262547492980957e-01
5.795570015907287598e-01
6.598336696624755859e-01
9.119818210601806641e-01
4.909411668777465820e-01
4.846295416355133057e-01
5.135549902915954590e-01
7.060833573341369629e-01
6.852804422378540039e-01
6.177932620048522949e-01
4.938865005970001221e-01
5.029777288436889648e-01
6.283209323883056641e-01
9.279047250747680664e-01
6.950485110282897949e-01
5.218806266784667969e-01
5.135244727134704590e-01
4.708952307701110840e-01
4.817222356796264648e-01
5.198913812637329102e-01
5.409047007560729980e-01
5.403829813003540039e-01
7.466533780097961426e-01
5.608500838279724121e-01
7.034379839897155762e-01
6.018872857093811035e-01
7.227584719657897949e-01
5.303703546524047852e-01
6.792479753494262695e-01
8.407089114189147949e-01
7.449954152107238770e-01
6.531994342803955078e-01
6.115702986717224121e-01
4.877539575099945068e-01
4.795638918876647949e-01
4.803050160408020020e-01
4.781127572059631348e-01
4.865722954273223877e-01
5.037222504615783691e-01
7.027547955513000488e-01
7.649582028388977051e-01
8.776514530181884766e-01
6.144787669181823730e-01
6.117827892303466797e-01
5.464550852775573730e-01
5.945304632186889648e-01
5.634294748306274414e-01
7.677772045135498047e-01
7.453081011772155762e-01
6.475241780281066895e-01
5.493685007095336914e-01
5.803379416465759277e-01
5.393396615982055664e-01
5.716403722763061523e-01
6.280643343925476074e-01
8.511902093887329102e-01
4.949496984481811523e-01
4.763025939464569092e-01
5.003660321235656738e-01
6.330741047859191895e-01
5.931665301322937012e-01
6.133074760437011719e-01
4.925984144210815430e-01
5.015175938606262207e-01
4.700611233711242676e-01
5.753266811370849609e-01
9.232995510101318359e-01
7.888840436935424805e-01
4.910046458244323730e-01
7.372282147407531738e-01
1.102935314178466797e+00
5.259776711463928223e-01
5.543286800384521484e-01
7.141762375831604004e-01
7.790035009384155273e-01
5.019484758377075195e-01
4.935872256755828857e-01
5.773879289627075195e-01
8.448311090469360352e-01
7.153884768486022949e-01
5.157990455627441406e-01
4.913769960403442383e-01
5.120380520820617676e-01
5.462871193885803223e-01
6.355783939361572266e-01
5.853059887886047363e-01
5.754641890525817871e-01
7.895441651344299316e-01
8.558904528617858887e-01
5.406690239906311035e-01
5.734113454818725586e-01
6.885190606117248535e-01
6.766900420188903809e-01
4.818417727947235107e-01
4.370342493057250977e-01
6.655755043029785156e-01
8.079890608787536621e-01
5.712497234344482422e-01
5.735741257667541504e-01
5.896596312522888184e-01
5.291345715522766113e-01
6.535584330558776855e-01
6.944541931152343750e-01
7.549970746040344238e-01
6.726989150047302246e-01
5.902025103569030762e-01
5.190899372100830078e-01
4.918130040168762207e-01
5.127733945846557617e-01
7.768265008926391602e-01
9.179832935333251953e-01
5.430551767349243164e-01
6.615698337554931641e-01
6.299066543579101562e-01
5.098111629486083984e-01
4.576767385005950928e-01
4.292758107185363770e-01
5.151259303092956543e-01
5.474106669425964355e-01
4.360198080539703369e-01
6.217229962348937988e-01
6.937452554702758789e-01
4.788147211074829102e-01
5.038800239562988281e-01
6.248123645782470703e-01
7.707920074462890625e-01
8.236942291259765625e-01
7.165302038192749023e-01
9.783460497856140137e-01
5.288181900978088379e-01
6.008709073066711426e-01
7.143485546112060547e-01
6.154313683509826660e-01
4.726846218109130859e-01
5.397688150405883789e-01
6.376857161521911621e-01
5.394306182861328125e-01
7.410101890563964844e-01
1.276778697967529297e+00
5.205142498016357422e-01
5.031387805938720703e-01
4.807987511157989502e-01
6.462306380271911621e-01
8.416671752929687500e-01
4.868990778923034668e-01
4.760853052139282227e-01
4.739248752593994141e-01
4.695346057415008545e-01
5.023159384727478027e-01
6.135072708129882812e-01
5.758965015411376953e-01
5.741307735443115234e-01
4.650011062622070312e-01
4.515446722507476807e-01
4.813859164714813232e-01
6.693106293678283691e-01
8.739190101623535156e-01
7.696543335914611816e-01
4.516852498054504395e-01
6.537720561027526855e-01
9.157374501228332520e-01
6.062451004981994629e-01
8.305237293243408203e-01
4.577206671237945557e-01
4.977408945560455322e-01
5.163816809654235840e-01
4.817065000534057617e-01
5.546029806137084961e-01
7.766209244728088379e-01
6.828522682189941406e-01
4.667793512344360352e-01
5.194355845451354980e-01
6.880357265472412109e-01
5.672703981399536133e-01
4.627573788166046143e-01
4.774660766124725342e-01
5.570461750030517578e-01
7.122756242752075195e-01
7.113303542137145996e-01
4.560965001583099365e-01
4.484325051307678223e-01
4.436384141445159912e-01
4.427974820137023926e-01
4.440074563026428223e-01
5.179379582405090332e-01
6.387358903884887695e-01
6.139306426048278809e-01
8.261997699737548828e-01
4.596219360828399658e-01
4.593511819839477539e-01
5.316477417945861816e-01
9.762043952941894531e-01
6.836581230163574219e-01
4.360169172286987305e-01
5.079228281974792480e-01
6.690585613250732422e-01
4.265100955963134766e-01
4.971845746040344238e-01
7.348577976226806641e-01
6.686496734619140625e-01
5.442547798156738281e-01
6.145553588867187500e-01
5.168788433074951172e-01
6.556900739669799805e-01
6.215085387229919434e-01
6.997042298316955566e-01
6.453902721405029297e-01
7.295045256614685059e-01
4.741197228431701660e-01
6.732864379882812500e-01
8.213693499565124512e-01
4.960563778877258301e-01
4.788553714752197266e-01
4.514599144458770752e-01
4.843648076057434082e-01
5.663661360740661621e-01
4.794609546661376953e-01
4.623166024684906006e-01
5.646508932113647461e-01
9.137622714042663574e-01
9.426323771476745605e-01
4.871383905410766602e-01
4.613392949104309082e-01
4.751532077789306641e-01
5.110532045364379883e-01
5.938072800636291504e-01
5.297178030014038086e-01
7.420608997344970703e-01
5.836870670318603516e-01
5.695713162422180176e-01
3.985691070556640625e-01
4.593209028244018555e-01
5.723746418952941895e-01
7.240328788757324219e-01
6.912035942077636719e-01
5.131856799125671387e-01
5.654374957084655762e-01
5.659874081611633301e-01
6.791478991508483887e-01
5.204250812530517578e-01
5.899709463119506836e-01
5.005015730857849121e-01
6.709867119789123535e-01
6.766096353530883789e-01
7.178055644035339355e-01
4.843568801879882812e-01
4.957426786422729492e-01
4.596882760524749756e-01
5.292164087295532227e-01
9.280546307563781738e-01
6.474836468696594238e-01
4.361062347888946533e-01
4.474614858627319336e-01
4.706062674522399902e-01
6.989276409149169922e-01
8.658946156501770020e-01
5.114811062812805176e-01
1.038895249366760254e+00
9.315142035484313965e-01
5.832291245460510254e-01
4.906850159168243408e-01
4.607127010822296143e-01
4.651567935943603516e-01
4.353501200675964355e-01
4.395397305488586426e-01
4.307946860790252686e-01
4.318672418594360352e-01
4.657151103019714355e-01
4.159190356731414795e-01
5.123283267021179199e-01
1.026721239089965820e+00
9.456569552421569824e-01
4.372905492782592773e-01
4.505874216556549072e-01
5.302271842956542969e-01
6.458272337913513184e-01
5.029680728912353516e-01
6.391161084175109863e-01
1.074863910675048828e+00
7.557337880134582520e-01
7.793655395507812500e-01
5.067847371101379395e-01
4.858187139034271240e-01
4.924009442329406738e-01
5.130395889282226562e-01
4.703210592269897461e-01
4.850390553474426270e-01
5.673164725303649902e-01
9.616510272026062012e-01
4.142637252807617188e-01
4.694264531135559082e-01
4.644580483436584473e-01
5.127864480018615723e-01
8.274800777435302734e-01
5.646911263465881348e-01
5.950752496719360352e-01
4.225355088710784912e-01
5.673248171806335449e-01
8.715952038764953613e-01
4.232619106769561768e-01
4.653854370117187500e-01
5.509417057037353516e-01
7.528932690620422363e-01
8.742458820343017578e-01
5.852193236351013184e-01
4.187995791435241699e-01
4.540324807167053223e-01
5.041542649269104004e-01
7.194736003875732422e-01
9.402635097503662109e-01
5.185424089431762695e-01
5.335363149642944336e-01
6.621600985527038574e-01
5.082818269729614258e-01
6.233289241790771484e-01
5.500195026397705078e-01
7.217614650726318359e-01
4.938603937625885010e-01
5.412582159042358398e-01
5.103397369384765625e-01
7.699403166770935059e-01
5.723011493682861328e-01
6.432626247406005859e-01
4.636849164962768555e-01
4.784884750843048096e-01
6.505895256996154785e-01
7.775576114654541016e-01
4.804415404796600342e-01
6.116870045661926270e-01
5.322362184524536133e-01
4.578820466995239258e-01
4.461477994918823242e-01
4.365062713623046875e-01
4.918499886989593506e-01
7.574214935302734375e-01
9.924324750900268555e-01
8.937857151031494141e-01
4.739050567150115967e-01
4.674399495124816895e-01
5.526587963104248047e-01
7.908407449722290039e-01
5.182211399078369141e-01
5.737922787666320801e-01
5.208118557929992676e-01
5.858429670333862305e-01
4.903465211391448975e-01
5.237424373626708984e-01
5.725971460342407227e-01
7.726157903671264648e-01
4.698362350463867188e-01
5.409461855888366699e-01
9.208982586860656738e-01
9.505661129951477051e-01
6.671090126037597656e-01
5.256087779998779297e-01
4.969997406005859375e-01
4.749875664710998535e-01
4.411494731903076172e-01
4.371633827686309814e-01
4.517249763011932373e-01
4.591316878795623779e-01
6.596111059188842773e-01
8.750720024108886719e-01
4.943037927150726318e-01
5.427301526069641113e-01
6.146484017372131348e-01
5.045403242111206055e-01
6.907384991645812988e-01
8.083627820014953613e-01
9.632105827331542969e-01
5.983516573905944824e-01
4.589371085166931152e-01
4.440777599811553955e-01
4.712214767932891846e-01
4.878043234348297119e-01
5.799559950828552246e-01
7.812268733978271484e-01
4.573748409748077393e-01
3.847178220748901367e-01
5.012436509132385254e-01
7.123581767082214355e-01
5.826863646507263184e-01
7.946463227272033691e-01
4.569208025932312012e-01
4.369351267814636230e-01
4.674661755561828613e-01
5.888004899024963379e-01
6.608861684799194336e-01
9.263914227485656738e-01
5.464899539947509766e-01
6.876381635665893555e-01
7.516812682151794434e-01
4.985196292400360107e-01
4.963764250278472900e-01
6.599383354187011719e-01
6.502750515937805176e-01
4.312669634819030762e-01
4.651745259761810303e-01
4.912564754486083984e-01
5.130815505981445312e-01
6.518248915672302246e-01
4.993915855884552002e-01
5.720478296279907227e-01
4.605036973953247070e-01
6.644290089607238770e-01
9.137859940528869629e-01
6.303131580352783203e-01
4.454766213893890381e-01
4.299318790435791016e-01
5.323314070701599121e-01
6.059367656707763672e-01
4.177055358886718750e-01
3.970057368278503418e-01
3.991993367671966553e-01
6.888111829757690430e-01
1.305437564849853516e+00
7.228586673736572266e-01
4.648696482181549072e-01
4.596851766109466553e-01
4.640393555164337158e-01
4.446108341217041016e-01
4.228689074516296387e-01
4.622694253921508789e-01
5.445436239242553711e-01
8.508692979812622070e-01
4.622603654861450195e-01
5.614826083183288574e-01
8.332650661468505859e-01
4.378439188003540039e-01
5.000613331794738770e-01
6.413004994392395020e-01
4.351781904697418213e-01
4.385300576686859131e-01
4.184435009956359863e-01
5.134813189506530762e-01
9.093657135963439941e-01
8.984208106994628906e-01
9.000712633132934570e-01
8.601284623146057129e-01
5.643575787544250488e-01
5.471882224082946777e-01
6.241959929466247559e-01
6.268875002861022949e-01
7.028685212135314941e-01
4.643031954765319824e-01
4.647056460380554199e-01
4.896117746829986572e-01
6.101332306861877441e-01
7.045579552650451660e-01
4.697855412960052490e-01
5.059661269187927246e-01
8.100312948226928711e-01
7.579070329666137695e-01
6.937052011489868164e-01
5.097756385803222656e-01
5.174535512924194336e-01
4.604961276054382324e-01
4.789767861366271973e-01
7.133708000183105469e-01
8.592434525489807129e-01
5.115146636962890625e-01
4.237442314624786377e-01
4.452284276485443115e-01
5.291687846183776855e-01
7.827466726303100586e-01
4.874291718006134033e-01
5.217660665512084961e-01
4.281437993049621582e-01
4.980476498603820801e-01
7.466094493865966797e-01
1.019011259078979492e+00
4.428254365921020508e-01
4.631697535514831543e-01
4.703961312770843506e-01
4.403006434440612793e-01
4.734315872192382812e-01
4.668440520763397217e-01
7.034806609153747559e-01
6.341719031333923340e-01
7.764433026313781738e-01
3.857643008232116699e-01
4.862963855266571045e-01
6.380376815795898438e-01
7.209910750389099121e-01
8.314263820648193359e-01
7.315907478332519531e-01
5.047975778579711914e-01
4.747105836868286133e-01
4.066070616245269775e-01
4.812631905078887939e-01
5.840961933135986328e-01
5.993560552597045898e-01
9.305371046066284180e-01
4.873800277709960938e-01
5.571012496948242188e-01
6.422077417373657227e-01
4.362345933914184570e-01
4.228536188602447510e-01
4.177803397178649902e-01
4.226020872592926025e-01
4.936082363128662109e-01
6.382402181625366211e-01
4.055362939834594727e-01
4.130989015102386475e-01
5.384459495544433594e-01
9.708368778228759766e-01
6.882815361022949219e-01
8.990328907966613770e-01
9.235101342201232910e-01
5.977953076362609863e-01
5.364275574684143066e-01
5.612541437149047852e-01
3.915157616138458252e-01
4.340429604053497314e-01
4.129472672939300537e-01
4.276096224784851074e-01
4.597016870975494385e-01
7.052862644195556641e-01
1.012411475181579590e+00
7.411450147628784180e-01
4.481543004512786865e-01
4.419225752353668213e-01
6.564157009124755859e-01
8.727329969406127930e-01
4.644480049610137939e-01
4.328997731208801270e-01
4.261681735515594482e-01
7.412386536598205566e-01
1.117906570434570312e+00
9.278168678283691406e-01
7.723121047019958496e-01
6.304182410240173340e-01
5.423475503921508789e-01
5.067582726478576660e-01
4.546984136104583740e-01
4.637111425399780273e-01
4.618843197822570801e-01
6.857448816299438477e-01
1.055195212364196777e+00
7.804808020591735840e-01
5.096243023872375488e-01
4.693216085433959961e-01
4.146759510040283203e-01
5.820657610893249512e-01
7.468851208686828613e-01
4.590625464916229248e-01
5.311945080757141113e-01
6.120493412017822266e-01
4.314563274383544922e-01
4.223838746547698975e-01
3.855182230472564697e-01
4.621471464633941650e-01
6.994420886039733887e-01
5.515178442001342773e-01
8.691280484199523926e-01
4.278207421302795410e-01
5.179766416549682617e-01
8.340717554092407227e-01
4.713957905769348145e-01
5.260834097862243652e-01
5.552155375480651855e-01
6.903068423271179199e-01
4.935302734375000000e-01
7.998201251029968262e-01
9.315719008445739746e-01
5.973624587059020996e-01
6.310974955558776855e-01
4.913488328456878662e-01
5.046569108963012695e-01
5.428990721702575684e-01
5.361280441284179688e-01
6.087016463279724121e-01
3.975069820880889893e-01
4.651172161102294922e-01
6.173122525215148926e-01
5.766240954399108887e-01
7.381272912025451660e-01
5.406297445297241211e-01
7.069540619850158691e-01
5.756568908691406250e-01
6.988555192947387695e-01
4.261468052864074707e-01
4.321407079696655273e-01
4.474330246448516846e-01
3.756471276283264160e-01
3.913137316703796387e-01
4.613456428050994873e-01
6.754747033119201660e-01
1.135833859443664551e+00
8.398447632789611816e-01
5.718821287155151367e-01
5.168213844299316406e-01
6.334703564643859863e-01
5.146188735961914062e-01
6.232362389564514160e-01
6.292978525161743164e-01
7.017113566398620605e-01
5.477172732353210449e-01
4.973461627960205078e-01
5.699739456176757812e-01
6.020733118057250977e-01
8.557280898094177246e-01
4.598101377487182617e-01
4.515732526779174805e-01
4.269805252552032471e-01
4.137552678585052490e-01
4.422999620437622070e-01
5.615377426147460938e-01
7.774491310119628906e-01
4.429802298545837402e-01
6.290791630744934082e-01
8.555704355239868164e-01
8.101428151130676270e-01
4.645625352859497070e-01
4.469854235649108887e-01
4.911061227321624756e-01
5.416191816329956055e-01
7.968311905860900879e-01
4.267439246177673340e-01
7.378436326980590820e-01
9.651051163673400879e-01
7.519364953041076660e-01
5.549519062042236328e-01
4.925286471843719482e-01
4.876210689544677734e-01
4.369995892047882080e-01
4.577501416206359863e-01
4.236470758914947510e-01
4.857667088508605957e-01
3.423727452754974365e-01
3.981629610061645508e-01
3.742527663707733154e-01
4.239970445632934570e-01
9.690914154052734375e-01
9.976257085800170898e-01
8.133375644683837891e-01
6.815893650054931641e-01
6.788977980613708496e-01
8.018472790718078613e-01
8.156324028968811035e-01
7.436736822128295898e-01
7.703885436058044434e-01
7.120012640953063965e-01
7.211334109306335449e-01
7.167953252792358398e-01
7.118991017341613770e-01
7.117130160331726074e-01
6.897115111351013184e-01
6.960710883140563965e-01
6.907712817192077637e-01
6.851980090141296387e-01
6.900021433830261230e-01
6.913449168205261230e-01
6.837503910064697266e-01
6.856415271759033203e-01
6.884760260581970215e-01
6.846734881401062012e-01
6.798408031463623047e-01
6.878425478935241699e-01
6.851773262023925781e-01
6.784621477127075195e-01
6.814637184143066406e-01
6.882553100585937500e-01
6.815122365951538086e-01
6.829976439476013184e-01
6.769092082977294922e-01
6.792392134666442871e-01
6.792186498641967773e-01
6.774763464927673340e-01
6.720813512802124023e-01
6.900887489318847656e-01
6.780464053153991699e-01
6.821336150169372559e-01
6.789397597312927246e-01
6.767441630363464355e-01
6.714132428169250488e-01
6.849651336669921875e-01
6.711477041244506836e-01
6.758659482002258301e-01
6.735109686851501465e-01
6.789667010307312012e-01
6.724276542663574219e-01
6.684215068817138672e-01
6.744851469993591309e-01
6.723077893257141113e-01
6.641259193420410156e-01
6.742859482765197754e-01
6.720960736274719238e-01
6.658409833908081055e-01
6.627500057220458984e-01
6.686004400253295898e-01
6.672739386558532715e-01
6.648306250572204590e-01
6.684401035308837891e-01
6.597791314125061035e-01
6.699852943420410156e-01
6.609469652175903320e-01
6.614344716072082520e-01
6.557630300521850586e-01
6.522145867347717285e-01
6.559446454048156738e-01
6.567856669425964355e-01
6.519350409507751465e-01
6.469326019287109375e-01
6.586151123046875000e-01
6.528044939041137695e-01
6.469025611877441406e-01
6.495416760444641113e-01
6.556382179260253906e-01
6.384026408195495605e-01
6.406508088111877441e-01
6.390572190284729004e-01
6.308640837669372559e-01
6.110997200012207031e-01
6.473908424377441406e-01
6.446753144264221191e-01
6.426159143447875977e-01
6.277298927307128906e-01
6.150482296943664551e-01
6.097505092620849609e-01
6.141120195388793945e-01
6.175582408905029297e-01
6.041505932807922363e-01
6.026782393455505371e-01
6.086835265159606934e-01
6.206187009811401367e-01
5.969163179397583008e-01
5.933468341827392578e-01
6.139888167381286621e-01
5.981504321098327637e-01
5.736616253852844238e-01
5.724846124649047852e-01
5.571869015693664551e-01
5.925991535186767578e-01
7.584487199783325195e-01
6.887838840484619141e-01
6.455661058425903320e-01
6.356888413429260254e-01
6.338855624198913574e-01
6.269034743309020996e-01
6.272715330123901367e-01
6.249650716781616211e-01
5.952529907226562500e-01
6.569793820381164551e-01
6.236976385116577148e-01
6.100037097930908203e-01
6.074357628822326660e-01
5.984898209571838379e-01
5.987907648086547852e-01
5.986474156379699707e-01
6.234535574913024902e-01
6.148496866226196289e-01
5.958256721496582031e-01
5.849074125289916992e-01
6.322436332702636719e-01
6.949244141578674316e-01
6.577007770538330078e-01
6.112034320831298828e-01
6.408066749572753906e-01
5.860317945480346680e-01
5.792142748832702637e-01
5.747971534729003906e-01
5.542480945587158203e-01
5.641791820526123047e-01
5.616970658302307129e-01
6.320822834968566895e-01
6.836109161376953125e-01
6.163995265960693359e-01
5.835317373275756836e-01
5.498982071876525879e-01
5.578641295433044434e-01
5.686623454093933105e-01
6.649289131164550781e-01
6.470750570297241211e-01
6.594635248184204102e-01
8.996344804763793945e-01
5.461623072624206543e-01
5.486254692077636719e-01
5.538461208343505859e-01
5.646124482154846191e-01
5.344505906105041504e-01
5.400985479354858398e-01
5.913884639739990234e-01
8.130705952644348145e-01
6.785438656806945801e-01
6.420696377754211426e-01
6.673964858055114746e-01
5.836094021797180176e-01
5.670966506004333496e-01
4.998463690280914307e-01
5.573183298110961914e-01
5.094400644302368164e-01
5.433020591735839844e-01
5.616729259490966797e-01
6.985977292060852051e-01
8.473926782608032227e-01
9.239624738693237305e-01
5.685434937477111816e-01
5.382057428359985352e-01
5.653429627418518066e-01
5.096588730812072754e-01
5.216010808944702148e-01
5.106606483459472656e-01
4.850732088088989258e-01
4.967573583126068115e-01
6.481465101242065430e-01
1.003139853477478027e+00
5.260725021362304688e-01
6.524360179901123047e-01
8.982778787612915039e-01
5.433446168899536133e-01
5.593205690383911133e-01
5.802226066589355469e-01
6.036539673805236816e-01
6.919407844543457031e-01
4.871884584426879883e-01
4.955588281154632568e-01
5.216211676597595215e-01
5.198926329612731934e-01
6.922855377197265625e-01
5.854627490043640137e-01
8.042489886283874512e-01
5.604715347290039062e-01
6.428701281547546387e-01
4.607654809951782227e-01
5.039526224136352539e-01
4.798177480697631836e-01
5.962809920310974121e-01
7.002381682395935059e-01
4.653955101966857910e-01
4.960024952888488770e-01
1.155973076820373535e+00
5.460857748985290527e-01
4.934823215007781982e-01
4.778253436088562012e-01
4.781455099582672119e-01
5.025831460952758789e-01
6.082303524017333984e-01
9.062353372573852539e-01
8.495292067527770996e-01
6.828488111495971680e-01
4.846002459526062012e-01
4.985491037368774414e-01
5.776668787002563477e-01
6.081071496009826660e-01
5.220481753349304199e-01
5.936981439590454102e-01
8.359661102294921875e-01
3.971177339553833008e-01
4.924781322479248047e-01
5.100658535957336426e-01
5.329620838165283203e-01
6.659004092216491699e-01
5.884390473365783691e-01
6.839402914047241211e-01
4.883981049060821533e-01
5.137568116188049316e-01
5.713896155357360840e-01
5.674221515655517578e-01
7.190935015678405762e-01
4.570048153400421143e-01
4.807299673557281494e-01
4.969559013843536377e-01
5.709329843521118164e-01
6.190998554229736328e-01
8.870593309402465820e-01
5.337195396423339844e-01
5.723623037338256836e-01
8.005707263946533203e-01
4.484741985797882080e-01
4.734878242015838623e-01
4.744852781295776367e-01
4.705951213836669922e-01
5.235685706138610840e-01
8.875048756599426270e-01
1.044164061546325684e+00
9.264647960662841797e-01
5.338064432144165039e-01
5.119456648826599121e-01
5.631633400917053223e-01
4.910332858562469482e-01
5.335843563079833984e-01
6.823003888130187988e-01
9.548780918121337891e-01
4.854846298694610596e-01
4.860152304172515869e-01
4.920707643032073975e-01
5.362911224365234375e-01
7.011728882789611816e-01
4.363838136196136475e-01
4.660086035728454590e-01
4.602327346801757812e-01
4.281378984451293945e-01
5.050413012504577637e-01
6.188747882843017578e-01
4.714017808437347412e-01
6.629217267036437988e-01
7.658444046974182129e-01
5.723545551300048828e-01
7.135407924652099609e-01
4.614322185516357422e-01
4.939594566822052002e-01
4.838375151157379150e-01
6.197884082794189453e-01
6.395814418792724609e-01
6.927281022071838379e-01
4.921317398548126221e-01
4.455884993076324463e-01
4.459982216358184814e-01
4.441175758838653564e-01
4.386475086212158203e-01
7.377102375030517578e-01
8.968902826309204102e-01
6.353351473808288574e-01
1.043980717658996582e+00
9.874278306961059570e-01
1.136944890022277832e+00
1.078410625457763672e+00
8.624420166015625000e-01
5.861490368843078613e-01
6.127256155014038086e-01
5.307857990264892578e-01
5.001477599143981934e-01
4.832602441310882568e-01
4.911702275276184082e-01
5.065791606903076172e-01
5.526229143142700195e-01
6.076951026916503906e-01
6.141986846923828125e-01
4.752877354621887207e-01
4.647565484046936035e-01
4.604508280754089355e-01
4.564684331417083740e-01
4.490349292755126953e-01
4.555119276046752930e-01
4.448275864124298096e-01
4.711660742759704590e-01
5.200396180152893066e-01
6.715328693389892578e-01
4.882446229457855225e-01
1.133282899856567383e+00
7.740677595138549805e-01
9.118411540985107422e-01
7.530534267425537109e-01
6.048729419708251953e-01
5.543530583381652832e-01
5.736570358276367188e-01
4.332936108112335205e-01
5.119128227233886719e-01
5.644010305404663086e-01
4.976679980754852295e-01
4.975869357585906982e-01
4.640822708606719971e-01
4.777239263057708740e-01
5.620706081390380859e-01
7.442370057106018066e-01
1.040851235389709473e+00
5.859663486480712891e-01
5.357010364532470703e-01
6.890903711318969727e-01
5.060826539993286133e-01
6.093062162399291992e-01
5.671180486679077148e-01
7.897088527679443359e-01
4.880372583866119385e-01
5.178882479667663574e-01
5.046592950820922852e-01
6.129159331321716309e-01
5.132231712341308594e-01
6.254781484603881836e-01
5.323312282562255859e-01
6.720151305198669434e-01
4.575773179531097412e-01
4.908073842525482178e-01
5.312455296516418457e-01
7.965347766876220703e-01
8.142175078392028809e-01
1.005602240562438965e+00
7.057707309722900391e-01
5.215660333633422852e-01
5.338213443756103516e-01
5.922146439552307129e-01
6.032310724258422852e-01
6.159668564796447754e-01
4.849892556667327881e-01
4.648624658584594727e-01
5.226553082466125488e-01
8.906872272491455078e-01
1.004908323287963867e+00
7.638548016548156738e-01
6.309655904769897461e-01
6.451718211174011230e-01
5.532526969909667969e-01
5.174398422241210938e-01
5.404948592185974121e-01
5.286883711814880371e-01
5.469484329223632812e-01
5.758858323097229004e-01
4.764743149280548096e-01
4.675324559211730957e-01
8.108640909194946289e-01
9.916821122169494629e-01
6.579917073249816895e-01
4.812873005867004395e-01
4.568691551685333252e-01
5.532650947570800781e-01
6.008861064910888672e-01
4.609001874923706055e-01
4.245533049106597900e-01
4.971917271614074707e-01
5.854837298393249512e-01
6.278558373451232910e-01
8.200514316558837891e-01
5.426288843154907227e-01
6.281250715255737305e-01
7.900700569152832031e-01
5.460985302925109863e-01
7.163810729980468750e-01
6.584900021553039551e-01
5.424026250839233398e-01
4.500494301319122314e-01
4.443815350532531738e-01
4.185937941074371338e-01
4.392393529415130615e-01
4.374107122421264648e-01
4.556066989898681641e-01
3.785174489021301270e-01
4.454414844512939453e-01
5.095307230949401855e-01
8.119708895683288574e-01
8.992848992347717285e-01
8.015000820159912109e-01
4.826658964157104492e-01
5.376693606376647949e-01
5.469543337821960449e-01
6.902514696121215820e-01
7.325398921966552734e-01
8.762823343276977539e-01
8.386559486389160156e-01
6.259654164314270020e-01
5.062132477760314941e-01
5.342800021171569824e-01
6.698100566864013672e-01
7.208662629127502441e-01
5.723429322242736816e-01
4.983263909816741943e-01
5.066220164299011230e-01
4.444540143013000488e-01
4.663493335247039795e-01
4.323774576187133789e-01
4.890917837619781494e-01
7.245613932609558105e-01
7.718996405601501465e-01
7.557095289230346680e-01
4.634989798069000244e-01
4.693985283374786377e-01
4.589461982250213623e-01
4.598259031772613525e-01
5.521172881126403809e-01
6.499208807945251465e-01
7.693511843681335449e-01
4.375837445259094238e-01
4.618747830390930176e-01
6.230151653289794922e-01
6.980651021003723145e-01
7.597547769546508789e-01
4.546354413032531738e-01
4.526551067829132080e-01
5.484254956245422363e-01
7.801012992858886719e-01
4.516852498054504395e-01
3.974175751209259033e-01
5.438043475151062012e-01
6.669723391532897949e-01
4.692686498165130615e-01
7.518962025642395020e-01
9.514178633689880371e-01
7.292300462722778320e-01
4.745053946971893311e-01
9.287480711936950684e-01
8.386049866676330566e-01
6.303696036338806152e-01
5.424753427505493164e-01
5.073925256729125977e-01
5.133036971092224121e-01
4.301127195358276367e-01
4.981824159622192383e-01
5.642964839935302734e-01
5.259470939636230469e-01
7.434648275375366211e-01
5.784904956817626953e-01
7.130178213119506836e-01
5.224696397781372070e-01
5.400943160057067871e-01
7.253861427307128906e-01
4.216710627079010010e-01
4.691625833511352539e-01
4.979018867015838623e-01
7.470597624778747559e-01
7.640544176101684570e-01
9.105060696601867676e-01
8.470696210861206055e-01
6.220003962516784668e-01
5.021141171455383301e-01
4.852503240108489990e-01
5.121656060218811035e-01
4.419315457344055176e-01
4.422549009323120117e-01
4.748218655586242676e-01
5.080374479293823242e-01
5.221494436264038086e-01
7.998678088188171387e-01
5.059077739715576172e-01
6.978981494903564453e-01
6.517243385314941406e-01
8.492920398712158203e-01
6.517347097396850586e-01
4.923838078975677490e-01
5.578979849815368652e-01
7.068029046058654785e-01
8.512684106826782227e-01
5.656793117523193359e-01
4.610976278781890869e-01
4.726470708847045898e-01
4.647595584392547607e-01
4.480411410331726074e-01
6.709362268447875977e-01
8.066437244415283203e-01
5.690702199935913086e-01
4.464324712753295898e-01
4.732278883457183838e-01
5.881400108337402344e-01
6.579033136367797852e-01
6.298540234565734863e-01
6.251924633979797363e-01
7.850418686866760254e-01
4.680685102939605713e-01
5.703927278518676758e-01
7.750285267829895020e-01
4.512674212455749512e-01
4.540711939334869385e-01
5.800165534019470215e-01
7.136581540107727051e-01
4.614570140838623047e-01
7.319004535675048828e-01
7.328679561614990234e-01
7.321991920471191406e-01
7.126262187957763672e-01
4.661413133144378662e-01
4.359679818153381348e-01
4.941708445549011230e-01
5.566306114196777344e-01
4.180253148078918457e-01
4.840667247772216797e-01
5.778205394744873047e-01
9.539220929145812988e-01
5.777544379234313965e-01
8.144096136093139648e-01
6.780018806457519531e-01
6.970786452293395996e-01
5.258718729019165039e-01
5.286893248558044434e-01
3.955417275428771973e-01
4.485145211219787598e-01
4.730875492095947266e-01
5.845670104026794434e-01
7.501772046089172363e-01
4.361183643341064453e-01
4.750878810882568359e-01
6.460844278335571289e-01
7.878268361091613770e-01
8.912357091903686523e-01
6.803888678550720215e-01
5.294785499572753906e-01
6.291577219963073730e-01
7.272111773490905762e-01
4.709013104438781738e-01
4.611856043338775635e-01
4.688837826251983643e-01
7.404673695564270020e-01
8.601880669593811035e-01
7.915878295898437500e-01
5.169942378997802734e-01
4.790581762790679932e-01
4.993683099746704102e-01
4.653275310993194580e-01
4.910615682601928711e-01
6.077150702476501465e-01
7.231876254081726074e-01
5.500049591064453125e-01
4.774989783763885498e-01
5.705838203430175781e-01
6.763492822647094727e-01
7.929375171661376953e-01
6.262235045433044434e-01
4.302069544792175293e-01
4.027606248855590820e-01
3.996892869472503662e-01
3.784413635730743408e-01
4.114210009574890137e-01
4.269971549510955811e-01
4.443335235118865967e-01
5.060899853706359863e-01
5.737603902816772461e-01
8.126696944236755371e-01
4.761401116847991943e-01
6.976779699325561523e-01
9.157221913337707520e-01
8.473039865493774414e-01
7.685983777046203613e-01
5.774896144866943359e-01
4.515363574028015137e-01
5.046383142471313477e-01
5.163490176200866699e-01
6.420422196388244629e-01
5.522891283035278320e-01
6.990230679512023926e-01
4.790470600128173828e-01
5.876362323760986328e-01
8.129101395606994629e-01
4.776896536350250244e-01
5.314906239509582520e-01
6.108730435371398926e-01
4.477200210094451904e-01
5.442745685577392578e-01
7.260210514068603516e-01
4.341048300266265869e-01
4.920358657836914062e-01
6.552643775939941406e-01
4.538035094738006592e-01
5.243045091629028320e-01
4.592354595661163330e-01
5.673626661300659180e-01
5.231395959854125977e-01
6.959447264671325684e-01
4.338150918483734131e-01
7.205708026885986328e-01
8.668924570083618164e-01
6.977843642234802246e-01
7.595222592353820801e-01
7.758830785751342773e-01
4.731916785240173340e-01
4.424076974391937256e-01
4.814672172069549561e-01
5.007989406585693359e-01
7.121423482894897461e-01
4.348748922348022461e-01
5.205301642417907715e-01
5.346714258193969727e-01
7.334667444229125977e-01
3.867931067943572998e-01
4.303117692470550537e-01
4.502478539943695068e-01
4.254221618175506592e-01
5.461013913154602051e-01
5.153072476387023926e-01
7.046023607254028320e-01
4.126211404800415039e-01
5.561431646347045898e-01
8.842969536781311035e-01
6.153128147125244141e-01
9.117165207862854004e-01
8.835107684135437012e-01
9.060475230216979980e-01
7.589865922927856445e-01
8.176081776618957520e-01
8.100928664207458496e-01
8.025700449943542480e-01
7.130524516105651855e-01
7.529444098472595215e-01
7.090844511985778809e-01
7.148301601409912109e-01
7.395179867744445801e-01
7.048001289367675781e-01
6.942489147186279297e-01
6.757829189300537109e-01
7.094991803169250488e-01
6.997340321540832520e-01
6.920645833015441895e-01
6.728346347808837891e-01
6.627638936042785645e-01
6.464561223983764648e-01
6.267036795616149902e-01
6.191251277923583984e-01
5.794510841369628906e-01
6.246441006660461426e-01
6.357441544532775879e-01
5.828105807304382324e-01
5.572044253349304199e-01
5.520760416984558105e-01
5.108895301818847656e-01
6.613637804985046387e-01
5.973827242851257324e-01
5.514237284660339355e-01
5.695850253105163574e-01
5.661353468894958496e-01
5.522568225860595703e-01
5.509176850318908691e-01
4.987625479698181152e-01
4.490071833133697510e-01
4.370504319667816162e-01
5.114170312881469727e-01
5.226409435272216797e-01
4.808959960937500000e-01
5.076744556427001953e-01
5.188729166984558105e-01
5.597772002220153809e-01
6.175286769866943359e-01
4.644501805305480957e-01
4.680173099040985107e-01
5.281125903129577637e-01
5.808020234107971191e-01
4.542067050933837891e-01
4.982414543628692627e-01
6.302332282066345215e-01
7.416926026344299316e-01
7.005431652069091797e-01
5.247175693511962891e-01
5.797757506370544434e-01
5.252288579940795898e-01
6.024878025054931641e-01
5.186154246330261230e-01
7.479199767112731934e-01
8.066164255142211914e-01
8.476665616035461426e-01
6.434310078620910645e-01
4.558799266815185547e-01
5.206792354583740234e-01
6.116514801979064941e-01
5.425522327423095703e-01
5.533511638641357422e-01
4.643599390983581543e-01
4.467807412147521973e-01
4.890758395195007324e-01
5.390691161155700684e-01
6.213980913162231445e-01
8.682108521461486816e-01
7.210068702697753906e-01
5.254119634628295898e-01
5.726261734962463379e-01
4.285422265529632568e-01
4.791296422481536865e-01
4.900420308113098145e-01
4.105127751827239990e-01
3.915730714797973633e-01
4.139214456081390381e-01
4.486799538135528564e-01
5.010448694229125977e-01
5.317525267601013184e-01
8.360620141029357910e-01
5.308288335800170898e-01
1.010808587074279785e+00
9.851240515708923340e-01
6.954754590988159180e-01
8.517603874206542969e-01
5.881845951080322266e-01
4.743575155735015869e-01
4.747481644153594971e-01
4.584250748157501221e-01
4.757283031940460205e-01
5.378209948539733887e-01
4.710836708545684814e-01
5.579611063003540039e-01
4.327053427696228027e-01
4.310526251792907715e-01
4.423404633998870850e-01
6.553873419761657715e-01
1.129817247390747070e+00
8.137701153755187988e-01
8.585756421089172363e-01
8.450148701667785645e-01
8.056768774986267090e-01
7.353681325912475586e-01
6.105637550354003906e-01
6.179003715515136719e-01
5.467776656150817871e-01
5.288487672805786133e-01
4.441265165805816650e-01
5.415517687797546387e-01
7.019144296646118164e-01
5.738262534141540527e-01
6.478078365325927734e-01
5.365529060363769531e-01
5.918744802474975586e-01
5.434752702713012695e-01
6.875350475311279297e-01
4.810402691364288330e-01
5.123252868652343750e-01
7.307831645011901855e-01
8.424802422523498535e-01
6.462206840515136719e-01
4.905396699905395508e-01
4.827114343643188477e-01
4.286852777004241943e-01
3.968693017959594727e-01
7.201502323150634766e-01
7.418032288551330566e-01
7.065405249595642090e-01
4.235646724700927734e-01
4.433058202266693115e-01
4.486110210418701172e-01
4.260867834091186523e-01
4.384643435478210449e-01
4.556571543216705322e-01
5.794165134429931641e-01
7.349845170974731445e-01
6.102197170257568359e-01
4.685167670249938965e-01
5.729562640190124512e-01
4.413070678710937500e-01
5.839134454727172852e-01
1.112324237823486328e+00
7.948319315910339355e-01
8.689386844635009766e-01
8.360835909843444824e-01
8.106749057769775391e-01
7.979483008384704590e-01
7.733287215232849121e-01
7.237070202827453613e-01
7.476314306259155273e-01
6.993563771247863770e-01
6.813217997550964355e-01
7.769806385040283203e-01
7.070014476776123047e-01
7.008857727050781250e-01
6.853713989257812500e-01
6.819449663162231445e-01
7.132424712181091309e-01
6.854816675186157227e-01
6.832853555679321289e-01
6.884910464286804199e-01
6.778972148895263672e-01
6.740842461585998535e-01
6.738140583038330078e-01
6.741873025894165039e-01
6.737130880355834961e-01
6.624743938446044922e-01
6.722488999366760254e-01
6.600018143653869629e-01
6.738364696502685547e-01
6.588008403778076172e-01
6.788548231124877930e-01
6.628720164299011230e-01
6.526014208793640137e-01
6.396120786666870117e-01
6.411057114601135254e-01
6.496196985244750977e-01
6.366360783576965332e-01
6.242496967315673828e-01
5.766291618347167969e-01
5.866613984107971191e-01
6.544725298881530762e-01
6.345724463462829590e-01
6.187983155250549316e-01
6.192243695259094238e-01
5.992987751960754395e-01
5.768533945083618164e-01
5.780648589134216309e-01
6.314666271209716797e-01
5.973721742630004883e-01
6.110670566558837891e-01
5.815299749374389648e-01
5.816160440444946289e-01
5.676580667495727539e-01
5.094312429428100586e-01
7.002906799316406250e-01
5.856110453605651855e-01
5.470069646835327148e-01
5.217828154563903809e-01
5.447955131530761719e-01
5.474495887756347656e-01
4.392359554767608643e-01
5.405694842338562012e-01
5.656740665435791016e-01
6.019380092620849609e-01
6.279038190841674805e-01
6.586987972259521484e-01
6.368663907051086426e-01
5.586998462677001953e-01
6.153247952461242676e-01
7.057089805603027344e-01
5.360592007637023926e-01
5.282608270645141602e-01
5.089222192764282227e-01
4.969632625579833984e-01
4.976739883422851562e-01
4.854964315891265869e-01
4.605509042739868164e-01
4.341281056404113770e-01
4.682861268520355225e-01
8.351932764053344727e-01
6.247404217720031738e-01
4.928584694862365723e-01
5.056965947151184082e-01
5.616830587387084961e-01
8.027715086936950684e-01
6.080986857414245605e-01
7.429464459419250488e-01
4.997479617595672607e-01
5.062803626060485840e-01
5.566679239273071289e-01
6.334187984466552734e-01
5.174328088760375977e-01
5.927985310554504395e-01
6.561323404312133789e-01
8.239715695381164551e-01
4.853408038616180420e-01
4.529772102832794189e-01
5.848089456558227539e-01
5.972483158111572266e-01
4.663291275501251221e-01
4.994400143623352051e-01
5.867744684219360352e-01
5.604884624481201172e-01
7.382891178131103516e-01
5.122989416122436523e-01
5.756193399429321289e-01
5.864311456680297852e-01
6.930587291717529297e-01
5.023413300514221191e-01
6.763739585876464844e-01
6.861428618431091309e-01
9.909803867340087891e-01
4.903766214847564697e-01
4.868890047073364258e-01
4.750503599643707275e-01
4.848031699657440186e-01
5.242870450019836426e-01
6.449742317199707031e-01
9.075055122375488281e-01
4.834030270576477051e-01
5.664835572242736816e-01
5.294907093048095703e-01
6.350225210189819336e-01
5.322804450988769531e-01
6.849362850189208984e-01
4.590221345424652100e-01
4.701447188854217529e-01
6.439773440361022949e-01
7.255992889404296875e-01
4.440652430057525635e-01
4.638538658618927002e-01
6.310658454895019531e-01
6.524652242660522461e-01
4.625751078128814697e-01
6.736964583396911621e-01
8.424088954925537109e-01
5.780966281890869141e-01
7.040870785713195801e-01
9.123468995094299316e-01
4.801786839962005615e-01
4.476164281368255615e-01
5.026538372039794922e-01
6.107531785964965820e-01
6.651698350906372070e-01
7.397043704986572266e-01
4.936772584915161133e-01
5.334433913230895996e-01
5.892335772514343262e-01
5.380778312683105469e-01
6.293283700942993164e-01
4.333313703536987305e-01
4.545556902885437012e-01
4.405677020549774170e-01
5.068056583404541016e-01
6.118537187576293945e-01
6.272913813591003418e-01
4.460016489028930664e-01
4.640813469886779785e-01
5.666534304618835449e-01
7.032748460769653320e-01
5.390751361846923828e-01
6.863274574279785156e-01
4.158785939216613770e-01
4.934577047824859619e-01
6.683701872825622559e-01
5.202552676200866699e-01
7.399162054061889648e-01
5.512126684188842773e-01
7.682715058326721191e-01
4.313989281654357910e-01
4.205778837203979492e-01
4.517101645469665527e-01
4.772263467311859131e-01
4.258996248245239258e-01
4.982317388057708740e-01
4.732601940631866455e-01
8.269891142845153809e-01
1.028311133384704590e+00
1.258051037788391113e+00
6.688610911369323730e-01
5.122205615043640137e-01
4.600926339626312256e-01
4.722684919834136963e-01
5.264298915863037109e-01
6.438493132591247559e-01
4.044966101646423340e-01
4.186903834342956543e-01
4.090957939624786377e-01
4.319047629833221436e-01
3.416229188442230225e-01
4.713317453861236572e-01
7.476526498794555664e-01
8.308389186859130859e-01
9.737654924392700195e-01
9.904313683509826660e-01
6.817458271980285645e-01
4.578023552894592285e-01
4.450319409370422363e-01
4.350963532924652100e-01
4.687670469284057617e-01
6.449440717697143555e-01
8.633141517639160156e-01
6.063831448554992676e-01
6.116769313812255859e-01
8.003477454185485840e-01
4.547818303108215332e-01
4.417575001716613770e-01
4.737241864204406738e-01
5.419234633445739746e-01
6.141670346260070801e-01
8.787383437156677246e-01
5.076962709426879883e-01
5.732905268669128418e-01
7.693908810615539551e-01
4.008824825286865234e-01
4.395037591457366943e-01
4.427374005317687988e-01
4.674188494682312012e-01
4.736298024654388428e-01
4.189568758010864258e-01
3.809045851230621338e-01
5.372331738471984863e-01
7.747173905372619629e-01
4.384323954582214355e-01
3.726186454296112061e-01
4.181508123874664307e-01
4.430643022060394287e-01
6.693335175514221191e-01
4.888440668582916260e-01
7.406828403472900391e-01
3.879573047161102295e-01
4.638297259807586670e-01
1.238786816596984863e+00
7.240238189697265625e-01
6.000919938087463379e-01
4.801606237888336182e-01
6.081793308258056641e-01
5.133610367774963379e-01
6.424064040184020996e-01
4.353497624397277832e-01
4.570965170860290527e-01
6.666951179504394531e-01
8.603531122207641602e-01
9.017685055732727051e-01
4.325618445873260498e-01
4.101100564002990723e-01
4.011584222316741943e-01
4.178118407726287842e-01
3.880153596401214600e-01
4.078874588012695312e-01
3.971351683139801025e-01
5.234351754188537598e-01
7.266631126403808594e-01
8.909742236137390137e-01
9.206215143203735352e-01
4.317633807659149170e-01
4.250665605068206787e-01
4.752359092235565186e-01
5.224700570106506348e-01
5.497066974639892578e-01
4.263252615928649902e-01
7.114149332046508789e-01
8.434132337570190430e-01
5.356015563011169434e-01
5.702735781669616699e-01
8.495576381683349609e-01
4.528511762619018555e-01
4.329434335231781006e-01
4.017663300037384033e-01
5.101857185363769531e-01
7.750145196914672852e-01
3.903027772903442383e-01
4.140373170375823975e-01
4.183956086635589600e-01
7.463804483413696289e-01
8.722963929176330566e-01
8.445858955383300781e-01
5.070797204971313477e-01
4.389053583145141602e-01
5.269193053245544434e-01
6.876891255378723145e-01
8.914214968681335449e-01
7.366071939468383789e-01
4.657085537910461426e-01
4.490303397178649902e-01
4.459551870822906494e-01
4.478172361850738525e-01
4.922150373458862305e-01
4.283437728881835938e-01
5.486302971839904785e-01
7.085811495780944824e-01
9.279738664627075195e-01
8.686067461967468262e-01
6.561332941055297852e-01
4.612273275852203369e-01
4.596421718597412109e-01
5.590572953224182129e-01
8.752614855766296387e-01
3.940424621105194092e-01
4.409536719322204590e-01
4.712476432323455811e-01
6.438490152359008789e-01
9.436351060867309570e-01
6.414963603019714355e-01
4.348663985729217529e-01
4.466521739959716797e-01
5.381863117218017578e-01
9.271551370620727539e-01
9.696717262268066406e-01
6.370885968208312988e-01
4.801033437252044678e-01
4.812887907028198242e-01
4.244929850101470947e-01
4.087164998054504395e-01
4.106494188308715820e-01
3.835694491863250732e-01
5.067449808120727539e-01
8.576233386993408203e-01
4.263955950736999512e-01
4.531514644622802734e-01
5.555421710014343262e-01
7.567753791809082031e-01
4.617824852466583252e-01
5.814145803451538086e-01
9.421032071113586426e-01
3.963501453399658203e-01
5.107619762420654297e-01
7.259143590927124023e-01
4.814436733722686768e-01
5.958473086357116699e-01
3.667263090610504150e-01
4.317855834960937500e-01
3.876577615737915039e-01
4.818400144577026367e-01
5.745329856872558594e-01
9.194099903106689453e-01
4.065537750720977783e-01
4.275745451450347900e-01
5.520797967910766602e-01
5.603561997413635254e-01
7.560699582099914551e-01
4.737365245819091797e-01
3.981705904006958008e-01
4.969250559806823730e-01
7.410602569580078125e-01
8.043602108955383301e-01
6.464807987213134766e-01
4.134770929813385010e-01
4.054789841175079346e-01
3.977239727973937988e-01
4.067767858505249023e-01
5.206578969955444336e-01
5.065460205078125000e-01
6.465609073638916016e-01
4.068379104137420654e-01
4.488869011402130127e-01
9.714911580085754395e-01
8.711330890655517578e-01
8.100377917289733887e-01
4.862307608127593994e-01
5.747269988059997559e-01
6.934536695480346680e-01
4.924890398979187012e-01
5.477433204650878906e-01
8.652220964431762695e-01
4.309551119804382324e-01
4.465322196483612061e-01
4.133874475955963135e-01
5.181024670600891113e-01
1.280999183654785156e+00
7.126249074935913086e-01
7.248851656913757324e-01
7.931082248687744141e-01
5.066940784454345703e-01
4.150062203407287598e-01
4.731771945953369141e-01
4.689506590366363525e-01
4.936701059341430664e-01
5.771691203117370605e-01
4.151586890220642090e-01
4.237873852252960205e-01
3.889782726764678955e-01
4.183095991611480713e-01
6.001907587051391602e-01
6.933630108833312988e-01
7.373145222663879395e-01
8.746980428695678711e-01
5.049691200256347656e-01
3.852938413619995117e-01
3.787823021411895752e-01
8.012568950653076172e-01
7.699193358421325684e-01
5.509502887725830078e-01
7.321396470069885254e-01
8.254168629646301270e-01
7.068075537681579590e-01
6.271324157714843750e-01
4.746093750000000000e-01
4.487429559230804443e-01
6.895616054534912109e-01
6.495624780654907227e-01
4.513228535652160645e-01
4.802615046501159668e-01
5.148108601570129395e-01
4.254766702651977539e-01
4.730445444583892822e-01
5.052537322044372559e-01
6.950411796569824219e-01
3.876725435256958008e-01
4.158435463905334473e-01
4.228845238685607910e-01
5.836856365203857422e-01
7.465087771415710449e-01
8.871346116065979004e-01
8.138942122459411621e-01
5.917246341705322266e-01
5.354357957839965820e-01
5.895070433616638184e-01
5.043864250183105469e-01
5.505986213684082031e-01
4.102540910243988037e-01
4.044174551963806152e-01
5.206171870231628418e-01
7.597190141677856445e-01
4.326066076755523682e-01
4.743508398532867432e-01
4.345526397228240967e-01
6.995317935943603516e-01
1.295865178108215332e+00
7.896031141281127930e-01
5.004432797431945801e-01
4.428926706314086914e-01
3.956583440303802490e-01
5.401293039321899414e-01
6.378709673881530762e-01
4.402719736099243164e-01
6.598644852638244629e-01
7.654510736465454102e-01
5.561795234680175781e-01
4.187119305133819580e-01
3.853964507579803467e-01
5.170913338661193848e-01
7.464676499366760254e-01
5.002301335334777832e-01
6.360034346580505371e-01
3.665402233600616455e-01
3.935181498527526855e-01
4.019685685634613037e-01
3.972402513027191162e-01
5.610736608505249023e-01
8.142639398574829102e-01
7.758510708808898926e-01
7.493270039558410645e-01
6.905836462974548340e-01
4.433840215206146240e-01
4.593023657798767090e-01
5.111176967620849609e-01
8.318224549293518066e-01
4.099959135055541992e-01
4.438992738723754883e-01
8.751670122146606445e-01
8.984307646751403809e-01
1.022126913070678711e+00
9.306814670562744141e-01
5.645920038223266602e-01
5.135681033134460449e-01
5.048453211784362793e-01
5.136272311210632324e-01
5.625081062316894531e-01
6.119971275329589844e-01
4.833487570285797119e-01
5.174918174743652344e-01
4.760987758636474609e-01
5.728113055229187012e-01
5.163438916206359863e-01
5.469118356704711914e-01
4.977976679801940918e-01
6.521903872489929199e-01
3.516483604907989502e-01
3.987519443035125732e-01
4.151637256145477295e-01
5.278422832489013672e-01
6.876291632652282715e-01
