0.000000000000000000e+00
6.891887187957763672e-01
6.892302632331848145e-01
6.895626187324523926e-01
6.888496875762939453e-01
6.891340613365173340e-01
6.900651454925537109e-01
6.908245682716369629e-01
6.912749409675598145e-01
6.891583800315856934e-01
6.878168582916259766e-01
6.832016706466674805e-01
6.835640072822570801e-01
6.913598775863647461e-01
6.874905228614807129e-01
6.853940486907958984e-01
6.871973276138305664e-01
6.874508857727050781e-01
6.955704689025878906e-01
6.830672621726989746e-01
6.835788488388061523e-01
6.837124824523925781e-01
6.886866688728332520e-01
6.858315467834472656e-01
6.867387294769287109e-01
6.870265007019042969e-01
6.853858828544616699e-01
6.947045922279357910e-01
6.927154660224914551e-01
6.893610358238220215e-01
6.866850256919860840e-01
6.837226748466491699e-01
6.787668466567993164e-01
6.894030570983886719e-01
6.916076540946960449e-01
6.898259520530700684e-01
6.779959797859191895e-01
6.856627464294433594e-01
6.899740099906921387e-01
6.773816943168640137e-01
6.951759457588195801e-01
6.861948966979980469e-01
6.804776191711425781e-01
6.795566678047180176e-01
6.979337334632873535e-01
6.851839423179626465e-01
6.851936578750610352e-01
6.854686141014099121e-01
6.918926835060119629e-01
6.870811581611633301e-01
6.805563569068908691e-01
6.856960058212280273e-01
6.852013468742370605e-01
6.886781454086303711e-01
6.786836981773376465e-01
6.856715679168701172e-01
6.826497912406921387e-01
6.807149648666381836e-01
6.773032546043395996e-01
6.895505785942077637e-01
6.834319233894348145e-01
6.755301952362060547e-01
6.750673055648803711e-01
6.811507344245910645e-01
6.932920813560485840e-01
6.794757246971130371e-01
6.865997910499572754e-01
6.816149950027465820e-01
6.823508739471435547e-01
6.849646568298339844e-01
6.808014512062072754e-01
6.721984148025512695e-01
6.783683300018310547e-01
6.804884076118469238e-01
6.818109750747680664e-01
6.899441480636596680e-01
6.774812936782836914e-01
6.735188364982604980e-01
6.765938401222229004e-01
6.741328239440917969e-01
6.797415018081665039e-01
6.917399764060974121e-01
6.881504058837890625e-01
6.860626935958862305e-01
6.765986084938049316e-01
6.773019433021545410e-01
6.750938892364501953e-01
6.708537936210632324e-01
6.596124768257141113e-01
6.814374327659606934e-01
6.602418422698974609e-01
6.741963028907775879e-01
6.643133759498596191e-01
7.028782367706298828e-01
6.855381727218627930e-01
6.570985317230224609e-01
6.770890951156616211e-01
6.960838437080383301e-01
6.609960198402404785e-01
6.802586317062377930e-01
6.679233312606811523e-01
6.543633937835693359e-01
6.827849745750427246e-01
6.793897747993469238e-01
6.603600978851318359e-01
6.722204089164733887e-01
6.854522228240966797e-01
6.678167581558227539e-01
6.978228092193603516e-01
6.819316744804382324e-01
6.793074011802673340e-01
6.891964673995971680e-01
6.932148933410644531e-01
6.851474642753601074e-01
6.815400719642639160e-01
6.709965467453002930e-01
6.867830753326416016e-01
6.910530924797058105e-01
6.709681749343872070e-01
6.708994507789611816e-01
6.885196566581726074e-01
6.866475939750671387e-01
6.997285485267639160e-01
6.615965366363525391e-01
6.770123243331909180e-01
6.712460517883300781e-01
6.835879683494567871e-01
6.641425490379333496e-01
6.807196736335754395e-01
7.029936909675598145e-01
6.900452375411987305e-01
6.786022186279296875e-01
6.798267364501953125e-01
6.650502681732177734e-01
6.581557393074035645e-01
6.750472187995910645e-01
6.656230688095092773e-01
6.774749159812927246e-01
6.682701110839843750e-01
6.785176992416381836e-01
6.933179497718811035e-01
6.803128719329833984e-01
6.855132579803466797e-01
6.509123444557189941e-01
6.865217089653015137e-01
6.803599596023559570e-01
6.777736544609069824e-01
6.589985489845275879e-01
6.856162548065185547e-01
6.743279099464416504e-01
6.687943935394287109e-01
6.777222156524658203e-01
6.733057498931884766e-01
6.714096069335937500e-01
6.692386865615844727e-01
6.797265410423278809e-01
6.776418089866638184e-01
6.776679754257202148e-01
6.758590936660766602e-01
6.605340838432312012e-01
6.922476291656494141e-01
6.670404076576232910e-01
6.744142770767211914e-01
6.825048923492431641e-01
6.717162132263183594e-01
6.771299839019775391e-01
6.803196072578430176e-01
6.568945050239562988e-01
6.543340086936950684e-01
6.370972394943237305e-01
6.570698618888854980e-01
6.366807818412780762e-01
6.511287689208984375e-01
6.826365590095520020e-01
6.720209717750549316e-01
6.542699337005615234e-01
6.807457208633422852e-01
6.852185726165771484e-01
6.857545971870422363e-01
6.701602339744567871e-01
6.663674712181091309e-01
6.590883135795593262e-01
6.638148427009582520e-01
6.550760865211486816e-01
6.508238911628723145e-01
6.760787963867187500e-01
6.727798581123352051e-01
6.788360476493835449e-01
6.714894771575927734e-01
6.812154650688171387e-01
6.815115213394165039e-01
6.774919033050537109e-01
6.857945322990417480e-01
6.781343817710876465e-01
6.655603647232055664e-01
6.826300024986267090e-01
6.857420206069946289e-01
6.574554443359375000e-01
6.571075916290283203e-01
6.530606150627136230e-01
6.798170208930969238e-01
6.598531603813171387e-01
6.883771419525146484e-01
6.585511565208435059e-01
6.702549457550048828e-01
6.519463062286376953e-01
6.801776885986328125e-01
6.323236227035522461e-01
6.485797166824340820e-01
6.764311790466308594e-01
6.429607272148132324e-01
6.628572940826416016e-01
6.616193652153015137e-01
6.508287191390991211e-01
6.611120104789733887e-01
6.332414746284484863e-01
6.568769216537475586e-01
6.467846035957336426e-01
6.432552933692932129e-01
6.380404829978942871e-01
6.829667687416076660e-01
6.565285325050354004e-01
6.698222160339355469e-01
6.826101541519165039e-01
6.813226342201232910e-01
6.482208967208862305e-01
6.909787654876708984e-01
6.667279005050659180e-01
6.591937541961669922e-01
6.567908525466918945e-01
6.427451372146606445e-01
6.313737630844116211e-01
7.022688984870910645e-01
6.594293117523193359e-01
6.807127594947814941e-01
6.762510538101196289e-01
6.640956997871398926e-01
6.526747941970825195e-01
6.526235342025756836e-01
6.500784158706665039e-01
6.523402333259582520e-01
6.564260721206665039e-01
6.516428589820861816e-01
6.460732817649841309e-01
6.646810173988342285e-01
6.846733689308166504e-01
6.402313113212585449e-01
6.336534023284912109e-01
6.723045110702514648e-01
6.486794948577880859e-01
6.878175139427185059e-01
6.530703902244567871e-01
6.397024989128112793e-01
6.694422364234924316e-01
6.992471218109130859e-01
6.635987162590026855e-01
6.528861522674560547e-01
6.446300745010375977e-01
6.400214433670043945e-01
6.900931596755981445e-01
6.506118178367614746e-01
6.342445611953735352e-01
6.900408267974853516e-01
6.353054642677307129e-01
6.542589664459228516e-01
6.467189788818359375e-01
6.630656719207763672e-01
7.179401516914367676e-01
6.687096357345581055e-01
6.187676191329956055e-01
6.644303202629089355e-01
6.283883452415466309e-01
6.692515611648559570e-01
6.718230247497558594e-01
6.694660186767578125e-01
6.653978824615478516e-01
6.550949811935424805e-01
6.642926931381225586e-01
6.334688663482666016e-01
6.435062289237976074e-01
6.585723161697387695e-01
6.766905188560485840e-01
6.577600836753845215e-01
6.277334690093994141e-01
6.348738074302673340e-01
6.719757318496704102e-01
6.706014871597290039e-01
6.848812103271484375e-01
6.536213755607604980e-01
6.524305939674377441e-01
6.397694349288940430e-01
6.745668649673461914e-01
6.793119311332702637e-01
6.378783583641052246e-01
6.863453388214111328e-01
6.670543551445007324e-01
6.461707353591918945e-01
6.563639044761657715e-01
6.736434698104858398e-01
6.841547489166259766e-01
6.672837138175964355e-01
6.400101184844970703e-01
6.539216637611389160e-01
6.728758215904235840e-01
6.298883557319641113e-01
6.279574632644653320e-01
6.727090477943420410e-01
6.541121602058410645e-01
6.550982594490051270e-01
6.465377211570739746e-01
6.424909830093383789e-01
6.553183794021606445e-01
6.414509415626525879e-01
6.589893102645874023e-01
6.809425354003906250e-01
6.691409945487976074e-01
6.419752240180969238e-01
6.391937732696533203e-01
6.416707634925842285e-01
6.339128017425537109e-01
6.381385326385498047e-01
6.078269481658935547e-01
6.417756080627441406e-01
6.453211903572082520e-01
6.338843703269958496e-01
6.598016619682312012e-01
6.556962728500366211e-01
6.462706923484802246e-01
6.634930372238159180e-01
6.550036668777465820e-01
6.516886949539184570e-01
6.283918619155883789e-01
6.473345756530761719e-01
6.704056262969970703e-01
6.474456191062927246e-01
6.200299263000488281e-01
6.451315879821777344e-01
6.229166388511657715e-01
6.564013957977294922e-01
6.368768215179443359e-01
6.519050002098083496e-01
6.388600468635559082e-01
6.645213365554809570e-01
6.391973495483398438e-01
6.611739397048950195e-01
6.266562342643737793e-01
6.492843031883239746e-01
6.760746240615844727e-01
6.635208129882812500e-01
6.444113850593566895e-01
6.324697732925415039e-01
6.520911455154418945e-01
6.437530517578125000e-01
6.344121694564819336e-01
6.372709870338439941e-01
6.683085560798645020e-01
6.506838202476501465e-01
6.251906156539916992e-01
6.689971685409545898e-01
6.602473258972167969e-01
6.262090206146240234e-01
6.236211657524108887e-01
6.624271273612976074e-01
6.494953036308288574e-01
6.343949437141418457e-01
6.675838232040405273e-01
6.436792612075805664e-01
6.294896602630615234e-01
6.482124328613281250e-01
6.697518229484558105e-01
6.493514180183410645e-01
6.129138469696044922e-01
6.621971726417541504e-01
6.288558840751647949e-01
6.466165781021118164e-01
6.800000667572021484e-01
6.249189376831054688e-01
6.557133197784423828e-01
6.466773748397827148e-01
6.508203148841857910e-01
6.517050266265869141e-01
6.662903428077697754e-01
6.481620669364929199e-01
6.420713067054748535e-01
6.387282609939575195e-01
6.516328454017639160e-01
6.431907415390014648e-01
6.439359188079833984e-01
6.180348992347717285e-01
6.278365254402160645e-01
6.386807560920715332e-01
6.473361849784851074e-01
6.568918824195861816e-01
6.610900759696960449e-01
6.467555761337280273e-01
6.465086936950683594e-01
6.735731363296508789e-01
6.474611759185791016e-01
6.366081833839416504e-01
6.490190625190734863e-01
6.565573215484619141e-01
6.499832272529602051e-01
6.197975873947143555e-01
6.516072154045104980e-01
6.371047496795654297e-01
6.159594655036926270e-01
6.343548297882080078e-01
6.494255661964416504e-01
6.578168272972106934e-01
6.354904770851135254e-01
6.191678643226623535e-01
6.156556606292724609e-01
6.507265567779541016e-01
6.281243562698364258e-01
6.301676034927368164e-01
6.372656226158142090e-01
6.265040040016174316e-01
6.358419656753540039e-01
6.368441581726074219e-01
6.397078037261962891e-01
6.274772286415100098e-01
6.410918235778808594e-01
6.450071930885314941e-01
6.365738511085510254e-01
6.424888372421264648e-01
6.208441853523254395e-01
6.678096652030944824e-01
6.410543322563171387e-01
6.383398175239562988e-01
6.339036822319030762e-01
6.419177055358886719e-01
6.351838111877441406e-01
6.297385692596435547e-01
6.463634371757507324e-01
6.197617650032043457e-01
6.441260576248168945e-01
6.390890479087829590e-01
6.523326039314270020e-01
6.341200470924377441e-01
6.563496589660644531e-01
6.349400281906127930e-01
6.033017039299011230e-01
6.080904603004455566e-01
6.074451208114624023e-01
6.436760425567626953e-01
6.427688002586364746e-01
6.358423829078674316e-01
6.046189665794372559e-01
6.107020974159240723e-01
6.381886005401611328e-01
6.541593074798583984e-01
6.023501753807067871e-01
5.791931748390197754e-01
6.491747498512268066e-01
6.199072599411010742e-01
6.152325272560119629e-01
6.647221446037292480e-01
6.386024951934814453e-01
6.356933712959289551e-01
6.275037527084350586e-01
6.066718101501464844e-01
6.393408775329589844e-01
6.406285762786865234e-01
6.062919497489929199e-01
6.102081537246704102e-01
6.676509976387023926e-01
6.086789965629577637e-01
6.473285555839538574e-01
6.057708263397216797e-01
6.293232440948486328e-01
6.131609082221984863e-01
6.184852719306945801e-01
5.950629711151123047e-01
6.161801218986511230e-01
6.439254283905029297e-01
6.078070998191833496e-01
5.983986258506774902e-01
6.333351135253906250e-01
6.395465135574340820e-01
6.204950213432312012e-01
6.556568145751953125e-01
6.205050945281982422e-01
6.235702037811279297e-01
6.047984957695007324e-01
6.284387111663818359e-01
6.206803917884826660e-01
6.212626099586486816e-01
6.271860599517822266e-01
6.281763315200805664e-01
6.140190362930297852e-01
5.736644268035888672e-01
6.481878161430358887e-01
6.540347337722778320e-01
6.238054037094116211e-01
6.325706243515014648e-01
6.269773244857788086e-01
6.163175702095031738e-01
6.070246100425720215e-01
6.219627261161804199e-01
6.685538291931152344e-01
6.175036430358886719e-01
6.256151199340820312e-01
6.108372807502746582e-01
5.987013578414916992e-01
6.092012524604797363e-01
6.493073105812072754e-01
6.007057428359985352e-01
6.179826259613037109e-01
6.195095181465148926e-01
5.885207653045654297e-01
6.399012207984924316e-01
6.333579421043395996e-01
6.098744869232177734e-01
6.281817555427551270e-01
6.128998994827270508e-01
6.309898495674133301e-01
6.325938701629638672e-01
6.676344275474548340e-01
6.305440068244934082e-01
6.174637675285339355e-01
6.190871596336364746e-01
6.556783914566040039e-01
6.105037927627563477e-01
6.371615529060363770e-01
6.313241720199584961e-01
6.222747564315795898e-01
6.086820960044860840e-01
6.270111799240112305e-01
6.255088448524475098e-01
6.165913939476013184e-01
6.097290515899658203e-01
6.488339900970458984e-01
6.132637262344360352e-01
6.094818711280822754e-01
6.268296241760253906e-01
6.404923200607299805e-01
6.111013293266296387e-01
6.019236445426940918e-01
6.079640984535217285e-01
5.705362558364868164e-01
6.031299829483032227e-01
6.020765304565429688e-01
6.026736497879028320e-01
5.855765938758850098e-01
5.579655170440673828e-01
6.302752494812011719e-01
5.618240833282470703e-01
6.063386201858520508e-01
6.963127851486206055e-01
6.360948085784912109e-01
6.004977226257324219e-01
6.145645976066589355e-01
5.953760147094726562e-01
6.506108045578002930e-01
6.252318024635314941e-01
6.242830753326416016e-01
6.153322458267211914e-01
5.826468467712402344e-01
6.226662993431091309e-01
6.319248676300048828e-01
6.333868503570556641e-01
6.368390917778015137e-01
6.086668968200683594e-01
6.065025925636291504e-01
6.073161959648132324e-01
6.013094782829284668e-01
6.580246090888977051e-01
6.389948129653930664e-01
6.336400508880615234e-01
6.197040081024169922e-01
6.212911009788513184e-01
6.172141432762145996e-01
6.039734482765197754e-01
6.281441450119018555e-01
6.112992763519287109e-01
6.100504398345947266e-01
6.407706737518310547e-01
6.238209605216979980e-01
6.053435206413269043e-01
6.120781898498535156e-01
5.945823192596435547e-01
5.755023360252380371e-01
5.992490649223327637e-01
6.217398643493652344e-01
5.812983512878417969e-01
6.710588932037353516e-01
6.273658275604248047e-01
6.381629705429077148e-01
6.091228723526000977e-01
5.949099063873291016e-01
5.902097225189208984e-01
5.877743363380432129e-01
6.463651061058044434e-01
6.055508255958557129e-01
5.984605550765991211e-01
5.962955951690673828e-01
5.686581134796142578e-01
5.829622149467468262e-01
5.869773626327514648e-01
6.198222637176513672e-01
6.120362281799316406e-01
5.958830118179321289e-01
5.861247777938842773e-01
6.233465075492858887e-01
6.611900925636291504e-01
6.251302957534790039e-01
6.188168525695800781e-01
6.129361987113952637e-01
6.161667108535766602e-01
6.199219822883605957e-01
6.103976368904113770e-01
6.097153425216674805e-01
6.181367635726928711e-01
6.153085231781005859e-01
6.065874695777893066e-01
6.007012128829956055e-01
5.847274661064147949e-01
6.053470373153686523e-01
5.921967625617980957e-01
6.042197942733764648e-01
6.022799015045166016e-01
6.339224576950073242e-01
6.085502505302429199e-01
5.791581273078918457e-01
5.928740501403808594e-01
5.815925002098083496e-01
6.068494319915771484e-01
6.593088507652282715e-01
6.046003699302673340e-01
5.824477672576904297e-01
5.958941578865051270e-01
6.331133246421813965e-01
6.053310632705688477e-01
6.100468635559082031e-01
6.224750280380249023e-01
6.077156662940979004e-01
5.881390571594238281e-01
6.203172206878662109e-01
6.143126487731933594e-01
5.907501578330993652e-01
5.853491425514221191e-01
5.773475170135498047e-01
5.792667269706726074e-01
5.748659372329711914e-01
5.565626621246337891e-01
6.098705530166625977e-01
5.921728014945983887e-01
6.020560860633850098e-01
6.159060001373291016e-01
6.069505810737609863e-01
6.043831110000610352e-01
5.900331139564514160e-01
5.883033275604248047e-01
6.130351424217224121e-01
5.979740023612976074e-01
5.843063592910766602e-01
6.048618555068969727e-01
5.688124299049377441e-01
5.844650864601135254e-01
6.217364668846130371e-01
5.906230807304382324e-01
6.301079988479614258e-01
5.938739180564880371e-01
5.891259908676147461e-01
6.060559749603271484e-01
6.113442182540893555e-01
5.986834168434143066e-01
5.835307836532592773e-01
5.919313430786132812e-01
6.095495223999023438e-01
5.940431356430053711e-01
5.894501209259033203e-01
5.824466943740844727e-01
5.985967516899108887e-01
6.171461343765258789e-01
6.100568175315856934e-01
5.854110121726989746e-01
5.792978405952453613e-01
5.644682645797729492e-01
6.205932497978210449e-01
6.101703643798828125e-01
6.067522168159484863e-01
5.861790776252746582e-01
5.878288149833679199e-01
5.860983133316040039e-01
5.645406842231750488e-01
5.791813731193542480e-01
5.935853719711303711e-01
5.516389012336730957e-01
5.998513698577880859e-01
5.984309911727905273e-01
5.446704626083374023e-01
5.901939868927001953e-01
5.453522801399230957e-01
5.742669105529785156e-01
5.679419636726379395e-01
6.006748676300048828e-01
5.643659830093383789e-01
5.528848767280578613e-01
5.724352002143859863e-01
5.906321406364440918e-01
5.721266269683837891e-01
5.728125572204589844e-01
5.785428881645202637e-01
5.983148813247680664e-01
6.275029182434082031e-01
5.918719768524169922e-01
5.849000811576843262e-01
5.956578254699707031e-01
5.867887139320373535e-01
5.751103162765502930e-01
5.457729697227478027e-01
5.288403630256652832e-01
5.969136953353881836e-01
5.820907354354858398e-01
5.534800291061401367e-01
5.937812328338623047e-01
5.741303563117980957e-01
5.911262631416320801e-01
5.896998643875122070e-01
6.129319667816162109e-01
5.801670551300048828e-01
6.018301844596862793e-01
5.666220188140869141e-01
5.637057423591613770e-01
6.264104247093200684e-01
5.748881697654724121e-01
5.642700195312500000e-01
5.266479849815368652e-01
6.209350228309631348e-01
5.440719127655029297e-01
6.016366481781005859e-01
6.025924682617187500e-01
5.865830779075622559e-01
6.130709648132324219e-01
5.930660367012023926e-01
5.668410062789916992e-01
5.939511656761169434e-01
5.918740630149841309e-01
5.647027492523193359e-01
5.829076766967773438e-01
6.195728182792663574e-01
5.757465958595275879e-01
5.797362327575683594e-01
5.493162274360656738e-01
5.625697970390319824e-01
5.189346671104431152e-01
5.681929588317871094e-01
5.890541672706604004e-01
5.857418775558471680e-01
5.535748004913330078e-01
5.566414594650268555e-01
5.536619424819946289e-01
5.509099960327148438e-01
5.369399785995483398e-01
5.062004327774047852e-01
5.937192440032958984e-01
5.589581131935119629e-01
5.704813599586486816e-01
5.507548451423645020e-01
5.882168412208557129e-01
5.675999522209167480e-01
5.755966305732727051e-01
5.688091516494750977e-01
5.972610712051391602e-01
5.693181753158569336e-01
5.722329616546630859e-01
5.762796401977539062e-01
5.959486961364746094e-01
5.879343748092651367e-01
5.822821855545043945e-01
5.826633572578430176e-01
5.774281620979309082e-01
5.738041400909423828e-01
5.667297840118408203e-01
5.711202025413513184e-01
5.424482822418212891e-01
5.404310226440429688e-01
5.780869126319885254e-01
5.672035217285156250e-01
5.818464159965515137e-01
5.862281322479248047e-01
5.741568207740783691e-01
5.766056776046752930e-01
5.620904564857482910e-01
5.534174442291259766e-01
5.560516119003295898e-01
6.205211281776428223e-01
5.642807483673095703e-01
5.512596368789672852e-01
5.872867703437805176e-01
5.706253647804260254e-01
5.530536770820617676e-01
5.655875802040100098e-01
5.960181355476379395e-01
5.870800614356994629e-01
5.778998732566833496e-01
5.711094141006469727e-01
5.676817297935485840e-01
5.619791150093078613e-01
5.543960332870483398e-01
5.727946162223815918e-01
5.725646018981933594e-01
5.738973617553710938e-01
5.760322809219360352e-01
5.727575421333312988e-01
5.674427151679992676e-01
5.872905254364013672e-01
5.587809681892395020e-01
5.496317744255065918e-01
5.620939135551452637e-01
5.389214158058166504e-01
5.604641437530517578e-01
5.531439781188964844e-01
5.847544074058532715e-01
5.453035831451416016e-01
5.643122196197509766e-01
5.738550424575805664e-01
5.548993945121765137e-01
5.494901537895202637e-01
5.783384442329406738e-01
5.308519005775451660e-01
5.439685583114624023e-01
6.133418083190917969e-01
5.538375973701477051e-01
5.408594012260437012e-01
5.830274820327758789e-01
5.362974405288696289e-01
5.732385516166687012e-01
5.744442343711853027e-01
5.707351565361022949e-01
5.774175524711608887e-01
5.705335140228271484e-01
5.548767447471618652e-01
5.736209154129028320e-01
5.712031126022338867e-01
5.627683997154235840e-01
5.563670992851257324e-01
5.670880675315856934e-01
5.329327583312988281e-01
5.199318528175354004e-01
5.974978804588317871e-01
5.480067729949951172e-01
5.600949525833129883e-01
5.733673572540283203e-01
5.666726827621459961e-01
5.598956942558288574e-01
5.597289204597473145e-01
5.442094206809997559e-01
5.662224888801574707e-01
5.594999194145202637e-01
5.677736401557922363e-01
5.575636625289916992e-01
5.463461875915527344e-01
5.415952205657958984e-01
5.543256402015686035e-01
5.590443611145019531e-01
5.237646102905273438e-01
5.958983898162841797e-01
5.552768707275390625e-01
5.468913316726684570e-01
5.427007079124450684e-01
5.656969547271728516e-01
5.305041670799255371e-01
5.620743036270141602e-01
5.174325704574584961e-01
5.957367420196533203e-01
5.542290210723876953e-01
5.344374179840087891e-01
5.499381422996520996e-01
5.411595702171325684e-01
5.369495749473571777e-01
5.392310619354248047e-01
5.336969494819641113e-01
4.818559885025024414e-01
6.044087409973144531e-01
5.322657823562622070e-01
5.619164109230041504e-01
5.446202754974365234e-01
5.391913652420043945e-01
5.198783874511718750e-01
4.904037415981292725e-01
6.275718808174133301e-01
5.359118580818176270e-01
5.236916542053222656e-01
5.122383236885070801e-01
5.447160601615905762e-01
5.270454287528991699e-01
5.552495718002319336e-01
5.408666729927062988e-01
5.300685763359069824e-01
5.086643099784851074e-01
5.502221584320068359e-01
5.396606922149658203e-01
5.501232743263244629e-01
5.489039421081542969e-01
5.242355465888977051e-01
5.658667683601379395e-01
5.335869789123535156e-01
5.756431818008422852e-01
5.547398924827575684e-01
5.407330989837646484e-01
5.496750473976135254e-01
5.271363258361816406e-01
5.400457978248596191e-01
5.264489650726318359e-01
5.202471613883972168e-01
5.261228680610656738e-01
5.074708461761474609e-01
5.282542705535888672e-01
5.089329481124877930e-01
5.463017821311950684e-01
5.277405977249145508e-01
5.569497942924499512e-01
5.338724255561828613e-01
5.461187362670898438e-01
5.321136713027954102e-01
5.554451942443847656e-01
5.291476845741271973e-01
5.182187557220458984e-01
5.491173863410949707e-01
5.196935534477233887e-01
5.506845116615295410e-01
5.459756851196289062e-01
5.272603034973144531e-01
5.454454421997070312e-01
5.367248654365539551e-01
5.310817956924438477e-01
5.204266905784606934e-01
5.021829605102539062e-01
5.293502211570739746e-01
5.130620598793029785e-01
5.509753227233886719e-01
5.218894481658935547e-01
5.071341395378112793e-01
5.128718018531799316e-01
5.163246989250183105e-01
5.321435928344726562e-01
5.317732691764831543e-01
5.225497484207153320e-01
5.059459209442138672e-01
4.839599728584289551e-01
5.510891079902648926e-01
5.606842637062072754e-01
5.351131558418273926e-01
5.300602316856384277e-01
5.361517667770385742e-01
5.471990704536437988e-01
5.353085994720458984e-01
5.155333876609802246e-01
5.296231508255004883e-01
5.070791244506835938e-01
5.474978089332580566e-01
5.049445629119873047e-01
5.474474430084228516e-01
5.123081803321838379e-01
5.159073472023010254e-01
5.080185532569885254e-01
5.289275646209716797e-01
5.316082239151000977e-01
5.177631974220275879e-01
5.446348190307617188e-01
5.225384235382080078e-01
5.253912210464477539e-01
5.260005593299865723e-01
4.985915720462799072e-01
4.847405552864074707e-01
4.780458211898803711e-01
5.486182570457458496e-01
5.285252928733825684e-01
5.161319971084594727e-01
5.212941169738769531e-01
5.053870677947998047e-01
5.344071388244628906e-01
5.164561271667480469e-01
5.031633973121643066e-01
5.450747609138488770e-01
5.207597613334655762e-01
5.193291902542114258e-01
5.273656249046325684e-01
5.121021866798400879e-01
5.141490101814270020e-01
4.948585927486419678e-01
5.220136046409606934e-01
4.997361302375793457e-01
5.101969242095947266e-01
5.115287303924560547e-01
5.072950124740600586e-01
4.940879940986633301e-01
4.943944215774536133e-01
4.982909858226776123e-01
5.056243538856506348e-01
5.055313706398010254e-01
5.174403786659240723e-01
4.900357425212860107e-01
5.539667606353759766e-01
5.191603302955627441e-01
5.124374628067016602e-01
5.255199670791625977e-01
5.315160155296325684e-01
4.989057481288909912e-01
5.146191716194152832e-01
5.050325989723205566e-01
5.656176805496215820e-01
5.043900012969970703e-01
5.166887044906616211e-01
5.152226090431213379e-01
5.169079303741455078e-01
5.203422904014587402e-01
5.244978070259094238e-01
5.182437896728515625e-01
4.989375770092010498e-01
4.961943328380584717e-01
4.786335825920104980e-01
5.022844076156616211e-01
4.901836514472961426e-01
4.816862046718597412e-01
4.843191206455230713e-01
4.838823378086090088e-01
4.617527127265930176e-01
5.256584882736206055e-01
4.921682775020599365e-01
5.126674175262451172e-01
5.004479885101318359e-01
4.926978051662445068e-01
5.019754767417907715e-01
4.763566255569458008e-01
4.734295308589935303e-01
5.443235635757446289e-01
5.025057196617126465e-01
4.825905561447143555e-01
4.939246773719787598e-01
5.128379464149475098e-01
4.789672493934631348e-01
4.928230345249176025e-01
4.762623906135559082e-01
5.255588293075561523e-01
5.046528577804565430e-01
4.862218201160430908e-01
5.274859070777893066e-01
4.875908195972442627e-01
4.593735933303833008e-01
4.326255917549133301e-01
5.279532074928283691e-01
4.929400384426116943e-01
4.730297923088073730e-01
4.617094397544860840e-01
5.448231697082519531e-01
5.137599110603332520e-01
4.728094041347503662e-01
4.677408337593078613e-01
4.505473971366882324e-01
4.712462127208709717e-01
4.770333766937255859e-01
4.650465250015258789e-01
4.573880136013031006e-01
4.574265182018280029e-01
5.113428235054016113e-01
4.817417263984680176e-01
5.448651909828186035e-01
5.209088921546936035e-01
5.024383068084716797e-01
4.912534654140472412e-01
5.207623243331909180e-01
4.920493364334106445e-01
4.826866388320922852e-01
4.729918539524078369e-01
4.604873657226562500e-01
4.776867628097534180e-01
4.569721519947052002e-01
4.904263019561767578e-01
4.681309461593627930e-01
4.809167981147766113e-01
4.685326814651489258e-01
4.551428258419036865e-01
4.819235503673553467e-01
4.714281857013702393e-01
5.286494493484497070e-01
5.094882249832153320e-01
4.394608736038208008e-01
4.608049392700195312e-01
4.671600461006164551e-01
4.639009237289428711e-01
4.547444880008697510e-01
4.661344587802886963e-01
4.310084581375122070e-01
4.737918972969055176e-01
4.643706381320953369e-01
4.728431701660156250e-01
4.724930524826049805e-01
4.545339941978454590e-01
4.939994812011718750e-01
4.812283217906951904e-01
4.630986750125885010e-01
4.383136034011840820e-01
4.724332392215728760e-01
4.635048806667327881e-01
4.547040462493896484e-01
4.734814167022705078e-01
4.711658954620361328e-01
4.763011932373046875e-01
4.583192467689514160e-01
6.349513530731201172e-01
4.871245622634887695e-01
4.933682382106781006e-01
4.842447340488433838e-01
4.494468569755554199e-01
4.611772894859313965e-01
4.613935351371765137e-01
4.559647440910339355e-01
4.652297496795654297e-01
4.738025963306427002e-01
4.650610983371734619e-01
4.489659368991851807e-01
5.544745326042175293e-01
5.196682214736938477e-01
5.379893779754638672e-01
5.366079211235046387e-01
5.514177083969116211e-01
5.238420367240905762e-01
4.862985908985137939e-01
4.587120413780212402e-01
4.560827910900115967e-01
4.538685977458953857e-01
4.434438645839691162e-01
4.664460420608520508e-01
4.498600363731384277e-01
5.551428794860839844e-01
5.119370818138122559e-01
4.470521509647369385e-01
4.516471624374389648e-01
4.402396082878112793e-01
4.407396018505096436e-01
4.413327872753143311e-01
4.470320641994476318e-01
4.410518407821655273e-01
4.437818825244903564e-01
4.579538106918334961e-01
4.384811520576477051e-01
4.375814199447631836e-01
4.523722827434539795e-01
4.459753036499023438e-01
4.439300298690795898e-01
4.573117792606353760e-01
4.411567449569702148e-01
4.365074932575225830e-01
4.742761850357055664e-01
4.668578207492828369e-01
4.520337283611297607e-01
4.544698596000671387e-01
4.335910081863403320e-01
4.359187781810760498e-01
4.470313787460327148e-01
4.624500274658203125e-01
4.143793582916259766e-01
4.363887310028076172e-01
4.539208710193634033e-01
5.301782488822937012e-01
5.928114652633666992e-01
5.287008881568908691e-01
4.408791363239288330e-01
4.040629267692565918e-01
4.198029637336730957e-01
4.388383924961090088e-01
4.335917234420776367e-01
4.212911725044250488e-01
4.390185475349426270e-01
4.443935453891754150e-01
4.324625134468078613e-01
4.539538323879241943e-01
4.289560019969940186e-01
4.006124436855316162e-01
4.208552539348602295e-01
4.404580593109130859e-01
4.183525145053863525e-01
4.081370234489440918e-01
3.524408042430877686e-01
5.900504589080810547e-01
7.435087561607360840e-01
5.868381261825561523e-01
4.695102274417877197e-01
3.918150365352630615e-01
5.005875229835510254e-01
5.144622325897216797e-01
4.883057475090026855e-01
4.462402462959289551e-01
4.333417117595672607e-01
4.478420615196228027e-01
4.135097563266754150e-01
4.344335198402404785e-01
4.261272549629211426e-01
4.222441017627716064e-01
5.243189334869384766e-01
5.201464295387268066e-01
5.223330855369567871e-01
5.187574625015258789e-01
4.404152333736419678e-01
4.238111078739166260e-01
6.850786805152893066e-01
7.093963623046875000e-01
5.801143050193786621e-01
4.823671579360961914e-01
4.586349725723266602e-01
4.187808334827423096e-01
4.227220416069030762e-01
4.381416440010070801e-01
4.618764221668243408e-01
4.264028668403625488e-01
4.101738631725311279e-01
4.131887555122375488e-01
4.300064444541931152e-01
4.312414228916168213e-01
4.112537801265716553e-01
4.166118204593658447e-01
3.908983469009399414e-01
4.148537516593933105e-01
4.073666632175445557e-01
4.604746997356414795e-01
4.682673513889312744e-01
4.546607732772827148e-01
3.724372386932373047e-01
4.214838147163391113e-01
4.154563248157501221e-01
4.320617616176605225e-01
4.583006799221038818e-01
4.490854740142822266e-01
4.176338613033294678e-01
4.023363888263702393e-01
5.475196838378906250e-01
5.614273548126220703e-01
5.137738585472106934e-01
4.283392727375030518e-01
3.978327214717864990e-01
4.291269779205322266e-01
4.422514736652374268e-01
4.841542541980743408e-01
4.821560978889465332e-01
5.386627316474914551e-01
5.374424457550048828e-01
4.408294260501861572e-01
4.202645421028137207e-01
3.792705833911895752e-01
4.188218414783477783e-01
4.140495955944061279e-01
4.112163186073303223e-01
4.051833450794219971e-01
4.124844372272491455e-01
3.877174854278564453e-01
4.057699143886566162e-01
3.940773904323577881e-01
6.845376491546630859e-01
6.625966429710388184e-01
5.362340807914733887e-01
5.068897604942321777e-01
3.933834731578826904e-01
3.900018036365509033e-01
3.866534531116485596e-01
4.379143118858337402e-01
4.312243163585662842e-01
3.976015746593475342e-01
3.996290862560272217e-01
4.181458652019500732e-01
3.931684494018554688e-01
4.358739554882049561e-01
4.369463026523590088e-01
3.828002512454986572e-01
3.756030201911926270e-01
4.490820169448852539e-01
4.038920104503631592e-01
3.806040287017822266e-01
4.059849083423614502e-01
4.024266004562377930e-01
3.986822962760925293e-01
3.877643942832946777e-01
3.946900069713592529e-01
3.861174285411834717e-01
3.733216226100921631e-01
3.871892094612121582e-01
3.837578296661376953e-01
3.637151420116424561e-01
3.496572077274322510e-01
4.188793599605560303e-01
4.103083014488220215e-01
3.781816959381103516e-01
3.957116305828094482e-01
4.759187400341033936e-01
6.271961927413940430e-01
6.067394614219665527e-01
4.235984086990356445e-01
4.296917617321014404e-01
4.584277868270874023e-01
4.850801825523376465e-01
3.980441689491271973e-01
3.754573762416839600e-01
4.320335090160369873e-01
3.877849876880645752e-01
3.824148476123809814e-01
3.864166140556335449e-01
3.786965906620025635e-01
4.401175677776336670e-01
6.334004998207092285e-01
9.481513500213623047e-01
5.103181600570678711e-01
4.232961237430572510e-01
4.021357595920562744e-01
4.257116019725799561e-01
4.650933742523193359e-01
3.994745016098022461e-01
3.900761008262634277e-01
3.835352063179016113e-01
3.458608388900756836e-01
3.838953673839569092e-01
3.823770582675933838e-01
3.904674649238586426e-01
4.250902235507965088e-01
5.045030713081359863e-01
5.607537627220153809e-01
7.226472496986389160e-01
7.481155395507812500e-01
4.067842960357666016e-01
3.822785615921020508e-01
3.941953778266906738e-01
3.903523385524749756e-01
3.977532982826232910e-01
3.749064207077026367e-01
3.730165958404541016e-01
3.666038513183593750e-01
3.610929846763610840e-01
4.082912504673004150e-01
4.285917580127716064e-01
6.257438063621520996e-01
6.540244817733764648e-01
5.831173062324523926e-01
6.719985008239746094e-01
8.903956413269042969e-01
8.017703294754028320e-01
4.032446742057800293e-01
3.875640034675598145e-01
3.801929950714111328e-01
3.710889816284179688e-01
3.985841870307922363e-01
3.805663287639617920e-01
3.547751307487487793e-01
3.687452673912048340e-01
5.164655447006225586e-01
6.180282831192016602e-01
4.016228616237640381e-01
3.697309195995330811e-01
3.751003146171569824e-01
3.490140438079833984e-01
3.908791244029998779e-01
3.772449791431427002e-01
4.914530217647552490e-01
5.252727866172790527e-01
6.303827166557312012e-01
5.738302469253540039e-01
3.807227611541748047e-01
3.817468285560607910e-01
4.058671295642852783e-01
3.999399840831756592e-01
4.122178554534912109e-01
4.248953759670257568e-01
4.071135222911834717e-01
4.103410243988037109e-01
4.728628993034362793e-01
4.063071012496948242e-01
3.647862374782562256e-01
3.782983422279357910e-01
3.796088099479675293e-01
3.834269642829895020e-01
3.624920248985290527e-01
4.579299092292785645e-01
4.654999971389770508e-01
6.089845895767211914e-01
6.971439123153686523e-01
6.358190774917602539e-01
5.504984259605407715e-01
5.155966281890869141e-01
4.289374649524688721e-01
3.547226190567016602e-01
3.733647167682647705e-01
4.377697110176086426e-01
4.921013712882995605e-01
4.304877519607543945e-01
5.588774681091308594e-01
5.520397424697875977e-01
4.490306079387664795e-01
4.429968893527984619e-01
4.111858010292053223e-01
4.213937520980834961e-01
3.522883653640747070e-01
3.820725381374359131e-01
3.538171648979187012e-01
3.740158379077911377e-01
3.780849575996398926e-01
3.741591572761535645e-01
4.006001949310302734e-01
3.612345159053802490e-01
3.640472888946533203e-01
3.428086936473846436e-01
3.726037740707397461e-01
3.601096272468566895e-01
3.822634816169738770e-01
3.824628591537475586e-01
3.863142132759094238e-01
4.331926703453063965e-01
5.064876079559326172e-01
4.785054028034210205e-01
4.077598452568054199e-01
3.698833882808685303e-01
3.918556272983551025e-01
3.518067300319671631e-01
3.475332260131835938e-01
3.378546237945556641e-01
3.598189949989318848e-01
3.390494585037231445e-01
3.514817059040069580e-01
3.236781358718872070e-01
4.386525750160217285e-01
5.096487402915954590e-01
6.732789874076843262e-01
8.329405188560485840e-01
6.930925250053405762e-01
6.322125792503356934e-01
5.305459499359130859e-01
5.035842657089233398e-01
6.030787229537963867e-01
4.410339295864105225e-01
3.533331751823425293e-01
3.983690142631530762e-01
3.865634799003601074e-01
3.546921014785766602e-01
3.554071784019470215e-01
3.736520111560821533e-01
3.540513515472412109e-01
3.506499826908111572e-01
3.696053326129913330e-01
3.540274798870086670e-01
3.209486901760101318e-01
3.644728362560272217e-01
3.623386025428771973e-01
3.426145613193511963e-01
3.483313024044036865e-01
3.936461210250854492e-01
4.184286892414093018e-01
5.317743420600891113e-01
6.806439757347106934e-01
1.080736875534057617e+00
9.277151226997375488e-01
3.333475887775421143e-01
3.772837817668914795e-01
3.545880615711212158e-01
3.372929394245147705e-01
3.452989161014556885e-01
3.579443693161010742e-01
3.753792941570281982e-01
3.806070685386657715e-01
4.382190704345703125e-01
5.036064386367797852e-01
4.944908618927001953e-01
3.836448192596435547e-01
3.422414064407348633e-01
3.650348186492919922e-01
3.530477285385131836e-01
5.151531696319580078e-01
5.790069103240966797e-01
4.285551011562347412e-01
4.293971657752990723e-01
3.841716349124908447e-01
3.795888423919677734e-01
4.247404038906097412e-01
4.454481601715087891e-01
3.991295099258422852e-01
3.648077249526977539e-01
4.881589114665985107e-01
4.516274333000183105e-01
2.976919710636138916e-01
3.121749758720397949e-01
3.603439331054687500e-01
3.597360849380493164e-01
3.796225488185882568e-01
4.280231893062591553e-01
6.052005887031555176e-01
6.386516690254211426e-01
5.219932198524475098e-01
4.242962598800659180e-01
3.575994968414306641e-01
3.912919759750366211e-01
3.413333594799041748e-01
3.337223827838897705e-01
3.202708065509796143e-01
3.474878966808319092e-01
3.547108471393585205e-01
3.430332839488983154e-01
3.348608314990997314e-01
3.338808417320251465e-01
3.363953828811645508e-01
3.419073820114135742e-01
3.501499891281127930e-01
3.352418243885040283e-01
3.690639436244964600e-01
4.798458516597747803e-01
4.934212565422058105e-01
4.906428158283233643e-01
5.679598450660705566e-01
6.093760728836059570e-01
4.933824837207794189e-01
4.333647489547729492e-01
4.505573511123657227e-01
3.835365772247314453e-01
3.970924615859985352e-01
4.145001471042633057e-01
3.812193572521209717e-01
4.929254055023193359e-01
5.360319614410400391e-01
4.646677374839782715e-01
4.083899259567260742e-01
3.486923277378082275e-01
3.533578217029571533e-01
4.333909153938293457e-01
4.943161010742187500e-01
4.431520700454711914e-01
4.400751590728759766e-01
4.841084778308868408e-01
5.269658565521240234e-01
5.574015974998474121e-01
5.809844732284545898e-01
6.023336052894592285e-01
5.688199400901794434e-01
5.140022635459899902e-01
6.630575656890869141e-01
7.301738262176513672e-01
5.738666057586669922e-01
4.060558974742889404e-01
3.483803570270538330e-01
3.743268549442291260e-01
3.823641240596771240e-01
2.802979350090026855e-01
3.252770304679870605e-01
3.279792070388793945e-01
3.282677829265594482e-01
3.418729007244110107e-01
5.021228194236755371e-01
6.971174478530883789e-01
9.294104576110839844e-01
6.883735656738281250e-01
3.528899848461151123e-01
3.265030682086944580e-01
3.116470277309417725e-01
2.883220911026000977e-01
2.797792553901672363e-01
2.808990776538848877e-01
3.065921664237976074e-01
3.444438874721527100e-01
3.542189896106719971e-01
3.368209004402160645e-01
3.495246767997741699e-01
3.028803169727325439e-01
3.354005813598632812e-01
3.150528073310852051e-01
3.203314840793609619e-01
3.197761476039886475e-01
3.286132812500000000e-01
2.912235260009765625e-01
3.264865577220916748e-01
3.636877834796905518e-01
6.233669519424438477e-01
8.001753091812133789e-01
9.296990036964416504e-01
6.340832114219665527e-01
3.784007728099822998e-01
3.631474375724792480e-01
3.657707870006561279e-01
3.967821002006530762e-01
3.604644834995269775e-01
3.620858788490295410e-01
3.476492166519165039e-01
3.427006006240844727e-01
3.818057179450988770e-01
4.083448052406311035e-01
4.849995672702789307e-01
5.071982741355895996e-01
6.982893347740173340e-01
8.860729336738586426e-01
8.219221234321594238e-01
8.269430398941040039e-01
6.406806111335754395e-01
5.926079750061035156e-01
3.727376163005828857e-01
3.746547996997833252e-01
4.189760684967041016e-01
4.240358769893646240e-01
5.065952539443969727e-01
6.693431735038757324e-01
5.119016766548156738e-01
3.341738879680633545e-01
3.080558776855468750e-01
4.026039540767669678e-01
4.636193215847015381e-01
3.284541964530944824e-01
3.194487690925598145e-01
4.115320146083831787e-01
5.435883998870849609e-01
6.631679534912109375e-01
7.748216986656188965e-01
6.773319244384765625e-01
5.961728096008300781e-01
5.992350578308105469e-01
4.478803277015686035e-01
3.566608726978302002e-01
3.676221370697021484e-01
3.214823603630065918e-01
3.261783719062805176e-01
3.317713141441345215e-01
3.188444375991821289e-01
3.274509310722351074e-01
3.204286992549896240e-01
3.556812703609466553e-01
4.310379326343536377e-01
4.879848957061767578e-01
4.236512482166290283e-01
3.355418443679809570e-01
3.359061479568481445e-01
4.063866734504699707e-01
4.259883463382720947e-01
6.549127101898193359e-01
7.516248822212219238e-01
4.691461324691772461e-01
3.942081332206726074e-01
4.121040105819702148e-01
5.076084733009338379e-01
6.817096471786499023e-01
5.755266547203063965e-01
6.298764348030090332e-01
5.479328036308288574e-01
4.694939553737640381e-01
4.660565853118896484e-01
3.246037960052490234e-01
3.127511143684387207e-01
3.240281939506530762e-01
3.125984668731689453e-01
3.153359293937683105e-01
3.095685243606567383e-01
3.811930119991302490e-01
4.680367708206176758e-01
6.013995409011840820e-01
5.721480250358581543e-01
3.393976986408233643e-01
3.458392620086669922e-01
5.135046243667602539e-01
5.016635656356811523e-01
3.516009449958801270e-01
3.184150755405426025e-01
2.964447140693664551e-01
2.845102548599243164e-01
2.982618808746337891e-01
3.125507235527038574e-01
3.041593432426452637e-01
2.907239496707916260e-01
3.237487673759460449e-01
3.001283109188079834e-01
3.011785745620727539e-01
3.031653165817260742e-01
2.924041748046875000e-01
2.954107522964477539e-01
2.868511080741882324e-01
2.758728265762329102e-01
2.878285646438598633e-01
3.181733489036560059e-01
4.535759985446929932e-01
6.655304431915283203e-01
9.015180468559265137e-01
4.785395860671997070e-01
5.339972376823425293e-01
7.156128883361816406e-01
8.460730910301208496e-01
5.193616747856140137e-01
3.090450167655944824e-01
2.857940793037414551e-01
2.573073208332061768e-01
3.067734539508819580e-01
3.088835179805755615e-01
3.099597692489624023e-01
3.256839811801910400e-01
3.149970769882202148e-01
2.632345855236053467e-01
2.708474397659301758e-01
2.873079776763916016e-01
3.075022399425506592e-01
3.479075133800506592e-01
2.698118686676025391e-01
2.953273952007293701e-01
2.905411422252655029e-01
3.220266103744506836e-01
3.652616441249847412e-01
4.408063590526580811e-01
3.252566456794738770e-01
3.389784693717956543e-01
3.424609005451202393e-01
3.499032258987426758e-01
3.708888292312622070e-01
2.700045108795166016e-01
2.916699647903442383e-01
3.053329586982727051e-01
3.157451748847961426e-01
3.795585632324218750e-01
4.804181754589080811e-01
6.088930368423461914e-01
5.419629812240600586e-01
6.472730040550231934e-01
7.890736460685729980e-01
5.866808891296386719e-01
4.696436822414398193e-01
3.818261623382568359e-01
3.767609894275665283e-01
2.909496724605560303e-01
2.917510569095611572e-01
3.455509841442108154e-01
3.761595189571380615e-01
4.277190864086151123e-01
3.526706993579864502e-01
2.880619764328002930e-01
2.746155858039855957e-01
3.100278973579406738e-01
3.485713303089141846e-01
5.191112756729125977e-01
5.360264182090759277e-01
4.767173528671264648e-01
4.320273101329803467e-01
3.188477158546447754e-01
3.003552556037902832e-01
3.162390887737274170e-01
3.632562160491943359e-01
3.426897823810577393e-01
3.403747975826263428e-01
4.669951200485229492e-01
5.180558562278747559e-01
4.452288150787353516e-01
3.545015454292297363e-01
3.519820272922515869e-01
3.726067841053009033e-01
3.629720211029052734e-01
3.484476506710052490e-01
3.771170377731323242e-01
4.788581430912017822e-01
7.248456478118896484e-01
6.227201223373413086e-01
5.361810922622680664e-01
5.450845360755920410e-01
5.585078597068786621e-01
4.844369888305664062e-01
4.108083248138427734e-01
3.999201059341430664e-01
3.718718588352203369e-01
3.813214600086212158e-01
3.987317979335784912e-01
3.896760642528533936e-01
4.351679682731628418e-01
4.786611199378967285e-01
7.225759625434875488e-01
8.489775061607360840e-01
3.387251198291778564e-01
3.242461383342742920e-01
3.428741097450256348e-01
3.707875907421112061e-01
3.067799806594848633e-01
3.015729188919067383e-01
3.192286193370819092e-01
3.485089242458343506e-01
3.410006463527679443e-01
3.497689366340637207e-01
3.737392723560333252e-01
4.602884054183959961e-01
5.581802129745483398e-01
6.000363230705261230e-01
5.598233938217163086e-01
6.966062188148498535e-01
8.680317401885986328e-01
6.920073628425598145e-01
6.606308221817016602e-01
7.664769887924194336e-01
4.237573146820068359e-01
5.672518014907836914e-01
8.902655839920043945e-01
6.425437331199645996e-01
4.392815530300140381e-01
4.365306198596954346e-01
4.602379500865936279e-01
3.396831154823303223e-01
2.749993503093719482e-01
2.889575660228729248e-01
2.725775837898254395e-01
2.866196334362030029e-01
2.874670028686523438e-01
2.722082138061523438e-01
2.525573670864105225e-01
3.512918353080749512e-01
4.088889956474304199e-01
4.774736762046813965e-01
4.116950333118438721e-01
3.321398496627807617e-01
3.140774667263031006e-01
3.293809592723846436e-01
3.505138158798217773e-01
3.893111944198608398e-01
4.965789318084716797e-01
6.457734704017639160e-01
6.252433657646179199e-01
5.641818046569824219e-01
5.280975103378295898e-01
4.047451913356781006e-01
3.785915374755859375e-01
3.756273388862609863e-01
3.888711035251617432e-01
3.815925121307373047e-01
3.487887978553771973e-01
3.410026431083679199e-01
3.351975977420806885e-01
2.765029668807983398e-01
2.625027298927307129e-01
2.856899499893188477e-01
2.926409244537353516e-01
4.298427999019622803e-01
3.710419833660125732e-01
3.218160569667816162e-01
3.318039178848266602e-01
3.316173851490020752e-01
3.463209867477416992e-01
3.806319832801818848e-01
4.069678187370300293e-01
5.433672666549682617e-01
5.977430939674377441e-01
3.842341601848602295e-01
3.461909890174865723e-01
3.358846902847290039e-01
3.019998669624328613e-01
2.783361971378326416e-01
2.620971202850341797e-01
2.739512920379638672e-01
2.748851180076599121e-01
2.636236250400543213e-01
2.485711872577667236e-01
2.823074460029602051e-01
2.742164134979248047e-01
2.801596224308013916e-01
2.663771808147430420e-01
2.412493377923965454e-01
2.440635263919830322e-01
2.623566389083862305e-01
2.706090211868286133e-01
2.426499873399734497e-01
2.511897981166839600e-01
2.407324612140655518e-01
2.761248648166656494e-01
3.310277163982391357e-01
4.540990591049194336e-01
8.148550391197204590e-01
1.500688314437866211e+00
4.284362792968750000e-01
4.633669555187225342e-01
6.056264638900756836e-01
8.883385658264160156e-01
5.800691843032836914e-01
5.147846341133117676e-01
3.165344297885894775e-01
2.830049395561218262e-01
2.683514356613159180e-01
2.609722018241882324e-01
2.741956710815429688e-01
2.577117681503295898e-01
2.375300526618957520e-01
2.602878510951995850e-01
2.915785610675811768e-01
2.966368496417999268e-01
3.156613111495971680e-01
2.971912324428558350e-01
3.800825774669647217e-01
5.101538896560668945e-01
4.480428397655487061e-01
7.888427972793579102e-01
9.554824233055114746e-01
5.982661247253417969e-01
4.617590606212615967e-01
5.369376540184020996e-01
4.791729748249053955e-01
4.456579685211181641e-01
2.769532501697540283e-01
2.695080637931823730e-01
2.771470844745635986e-01
3.377579450607299805e-01
4.085471332073211670e-01
3.532758653163909912e-01
2.878705859184265137e-01
2.617331445217132568e-01
2.814550399780273438e-01
3.916424214839935303e-01
4.014258086681365967e-01
4.707947671413421631e-01
4.420666098594665527e-01
3.805403113365173340e-01
2.845968008041381836e-01
2.527325451374053955e-01
2.615773677825927734e-01
2.826229035854339600e-01
3.236423134803771973e-01
4.891034066677093506e-01
5.399296283721923828e-01
4.678380191326141357e-01
3.980614542961120605e-01
2.761574685573577881e-01
2.852846086025238037e-01
2.586978077888488770e-01
2.654784917831420898e-01
5.889760851860046387e-01
1.097639083862304688e+00
6.939159631729125977e-01
6.105263233184814453e-01
7.071356177330017090e-01
7.419409155845642090e-01
8.099830746650695801e-01
4.171431660652160645e-01
3.759779632091522217e-01
4.575387239456176758e-01
5.265529751777648926e-01
4.443788826465606689e-01
4.207643568515777588e-01
2.970366775989532471e-01
2.707493007183074951e-01
3.027948737144470215e-01
4.425757527351379395e-01
4.617900848388671875e-01
4.204649627208709717e-01
3.575999438762664795e-01
4.434300661087036133e-01
4.610998630523681641e-01
4.114255905151367188e-01
3.528555631637573242e-01
3.351109027862548828e-01
3.405467867851257324e-01
2.716448009014129639e-01
2.841028869152069092e-01
3.627231717109680176e-01
4.138537347316741943e-01
4.924615621566772461e-01
5.974643826484680176e-01
7.706843018531799316e-01
9.807516336441040039e-01
3.313487172126770020e-01
2.992370426654815674e-01
2.801150381565093994e-01
2.770834267139434814e-01
2.511153221130371094e-01
2.575392127037048340e-01
2.724640667438507080e-01
3.021920025348663330e-01
3.326162397861480713e-01
5.019965171813964844e-01
5.091947317123413086e-01
4.223583936691284180e-01
4.008595645427703857e-01
3.236399888992309570e-01
2.846925556659698486e-01
3.013581633567810059e-01
3.259711861610412598e-01
3.748851120471954346e-01
3.880201280117034912e-01
4.520008563995361328e-01
3.953706324100494385e-01
3.711421191692352295e-01
3.505277931690216064e-01
5.237176418304443359e-01
5.738304853439331055e-01
4.645471572875976562e-01
2.961118221282958984e-01
2.760937213897705078e-01
2.817266583442687988e-01
2.295410484075546265e-01
2.394555509090423584e-01
2.831047773361206055e-01
3.150883615016937256e-01
3.972326517105102539e-01
3.962332606315612793e-01
2.863984405994415283e-01
3.197479546070098877e-01
2.965488135814666748e-01
2.957919538021087646e-01
2.697542905807495117e-01
2.656059861183166504e-01
2.296408414840698242e-01
2.677237987518310547e-01
2.974493801593780518e-01
2.847886085510253906e-01
2.845744192600250244e-01
2.414278388023376465e-01
2.441469430923461914e-01
2.206398248672485352e-01
2.568717896938323975e-01
2.490690797567367554e-01
2.775581181049346924e-01
3.262054026126861572e-01
4.957583248615264893e-01
5.110527276992797852e-01
5.455159544944763184e-01
8.686308860778808594e-01
3.823370039463043213e-01
2.515340745449066162e-01
2.385892868041992188e-01
2.481628060340881348e-01
2.498751431703567505e-01
2.329094260931015015e-01
2.662690877914428711e-01
2.440297007560729980e-01
2.191013693809509277e-01
2.704723477363586426e-01
2.706933915615081787e-01
1.997245550155639648e-01
2.563683092594146729e-01
2.971981763839721680e-01
3.096027374267578125e-01
2.863736450672149658e-01
2.140180468559265137e-01
2.306024581193923950e-01
2.463403940200805664e-01
2.954091727733612061e-01
4.565318822860717773e-01
4.688303470611572266e-01
3.982131183147430420e-01
3.293730616569519043e-01
3.134432733058929443e-01
3.865152299404144287e-01
7.509428262710571289e-01
8.646082282066345215e-01
5.862642526626586914e-01
6.034391522407531738e-01
3.393599987030029297e-01
2.858433127403259277e-01
2.379080057144165039e-01
2.586646080017089844e-01
4.448851644992828369e-01
4.829837679862976074e-01
3.351058661937713623e-01
4.235008358955383301e-01
6.109918355941772461e-01
6.206160187721252441e-01
6.664004325866699219e-01
5.371256470680236816e-01
3.601574599742889404e-01
2.783746421337127686e-01
2.158357203006744385e-01
2.276940941810607910e-01
2.319060117006301880e-01
2.557538449764251709e-01
2.615890502929687500e-01
3.097719550132751465e-01
3.840837180614471436e-01
5.373809337615966797e-01
7.832527756690979004e-01
9.238038063049316406e-01
1.141518473625183105e+00
3.889311850070953369e-01
3.634184002876281738e-01
4.217132627964019775e-01
5.252495408058166504e-01
5.649321079254150391e-01
4.812717735767364502e-01
5.556017756462097168e-01
3.796481788158416748e-01
2.322096079587936401e-01
2.444792687892913818e-01
2.129387110471725464e-01
2.246966809034347534e-01
2.144600450992584229e-01
2.184968888759613037e-01
2.454864829778671265e-01
2.095807790756225586e-01
2.244269400835037231e-01
2.147999405860900879e-01
2.614926099777221680e-01
2.607198655605316162e-01
2.379291206598281860e-01
2.453196644783020020e-01
2.939620316028594971e-01
2.914038598537445068e-01
3.568671345710754395e-01
3.634420037269592285e-01
3.201462030410766602e-01
3.485918343067169189e-01
4.747243821620941162e-01
5.827559232711791992e-01
6.357938647270202637e-01
2.937404513359069824e-01
2.493055313825607300e-01
2.724272608757019043e-01
6.350980401039123535e-01
8.383275866508483887e-01
7.074538469314575195e-01
8.621700406074523926e-01
5.588119029998779297e-01
6.104659438133239746e-01
5.654045939445495605e-01
4.221113324165344238e-01
4.417875409126281738e-01
3.539150953292846680e-01
3.451271057128906250e-01
2.944963574409484863e-01
2.843143343925476074e-01
2.613983452320098877e-01
2.337205559015274048e-01
2.547963261604309082e-01
2.577739357948303223e-01
2.298018485307693481e-01
2.498559057712554932e-01
2.374295443296432495e-01
2.552237510681152344e-01
2.793926000595092773e-01
2.972609400749206543e-01
3.892070651054382324e-01
5.453138947486877441e-01
7.145273089408874512e-01
5.996380448341369629e-01
3.579055368900299072e-01
2.481172531843185425e-01
2.448623627424240112e-01
2.315524071455001831e-01
2.387322932481765747e-01
2.449166327714920044e-01
2.684577703475952148e-01
2.283181548118591309e-01
2.090761512517929077e-01
2.385058403015136719e-01
2.370747178792953491e-01
2.368636131286621094e-01
2.222810536623001099e-01
2.289995551109313965e-01
2.212547659873962402e-01
3.125470578670501709e-01
4.230600595474243164e-01
6.216504573822021484e-01
5.731892585754394531e-01
6.476936340332031250e-01
5.215104818344116211e-01
6.464143991470336914e-01
6.194458603858947754e-01
5.960255265235900879e-01
4.294364452362060547e-01
3.935839533805847168e-01
2.954308092594146729e-01
2.311822474002838135e-01
2.268012166023254395e-01
2.207200378179550171e-01
2.239956110715866089e-01
2.158796638250350952e-01
2.543318271636962891e-01
2.889466881752014160e-01
1.651401072740554810e-01
2.391248494386672974e-01
2.623381316661834717e-01
3.489274680614471436e-01
4.006226360797882080e-01
6.459277272224426270e-01
7.029470801353454590e-01
6.612445116043090820e-01
5.485094189643859863e-01
7.027230858802795410e-01
5.783906579017639160e-01
3.181653618812561035e-01
2.834481000900268555e-01
4.155806005001068115e-01
4.672672748565673828e-01
4.074642062187194824e-01
3.067631721496582031e-01
3.439089953899383545e-01
2.811868786811828613e-01
2.359062582254409790e-01
2.198303043842315674e-01
2.323951721191406250e-01
2.145410776138305664e-01
2.171176522970199585e-01
2.251371741294860840e-01
2.433689832687377930e-01
2.311166226863861084e-01
2.473447620868682861e-01
2.347520589828491211e-01
2.160559892654418945e-01
1.844021379947662354e-01
1.883745342493057251e-01
2.149019837379455566e-01
2.063882946968078613e-01
2.147966027259826660e-01
2.214389741420745850e-01
1.837566792964935303e-01
2.042732387781143188e-01
2.115877568721771240e-01
3.057557046413421631e-01
5.736900568008422852e-01
8.616164922714233398e-01
2.922307848930358887e-01
3.508346974849700928e-01
4.433972835540771484e-01
6.138253808021545410e-01
4.130917489528656006e-01
3.902022242546081543e-01
3.237059712409973145e-01
3.592013120651245117e-01
4.456456005573272705e-01
4.182324111461639404e-01
2.190895974636077881e-01
2.480826228857040405e-01
2.940477728843688965e-01
4.708290994167327881e-01
6.121524572372436523e-01
1.088280200958251953e+00
9.665777683258056641e-01
5.064666271209716797e-01
5.482659339904785156e-01
6.284611225128173828e-01
4.303486943244934082e-01
6.696242690086364746e-01
7.270305156707763672e-01
7.237675189971923828e-01
6.545486450195312500e-01
7.029471397399902344e-01
5.169199109077453613e-01
3.652670681476593018e-01
2.651220560073852539e-01
2.131647914648056030e-01
2.367007583379745483e-01
2.377771586179733276e-01
2.274158895015716553e-01
2.215860188007354736e-01
2.458685636520385742e-01
2.432990819215774536e-01
2.671144902706146240e-01
2.449335902929306030e-01
2.703007161617279053e-01
3.162974417209625244e-01
3.696957528591156006e-01
3.858290016651153564e-01
4.697142839431762695e-01
4.504675567150115967e-01
4.309988021850585938e-01
3.839261233806610107e-01
2.798222601413726807e-01
2.642768621444702148e-01
2.667078077793121338e-01
2.290538847446441650e-01
2.549227774143218994e-01
2.309673726558685303e-01
2.259093225002288818e-01
2.165766954421997070e-01
2.108637392520904541e-01
2.270779013633728027e-01
2.376206070184707642e-01
2.586314678192138672e-01
3.467374444007873535e-01
3.810167312622070312e-01
3.039976656436920166e-01
2.775709629058837891e-01
3.482002615928649902e-01
4.692445397377014160e-01
6.702652573585510254e-01
6.193427443504333496e-01
5.610980987548828125e-01
3.821922242641448975e-01
4.313385486602783203e-01
2.553201913833618164e-01
2.369851619005203247e-01
2.515733838081359863e-01
2.862673997879028320e-01
2.746626138687133789e-01
2.368091940879821777e-01
2.293672412633895874e-01
1.989493221044540405e-01
2.158030569553375244e-01
2.283916324377059937e-01
2.428701370954513550e-01
2.459579408168792725e-01
2.778482735157012939e-01
5.671086907386779785e-01
9.195126295089721680e-01
6.739024519920349121e-01
5.355016589164733887e-01
6.841195821762084961e-01
3.090553581714630127e-01
2.579460740089416504e-01
2.588446736335754395e-01
2.196403890848159790e-01
2.433745265007019043e-01
2.007236331701278687e-01
2.122291773557662964e-01
1.831571608781814575e-01
2.251991480588912964e-01
2.694784700870513916e-01
3.897595703601837158e-01
3.714569509029388428e-01
3.837993741035461426e-01
5.003374814987182617e-01
6.465249657630920410e-01
2.134255170822143555e-01
2.441887408494949341e-01
2.359569668769836426e-01
2.009479105472564697e-01
1.879360824823379517e-01
2.144984006881713867e-01
2.000957429409027100e-01
2.208069562911987305e-01
2.464950978755950928e-01
2.229191064834594727e-01
2.375825047492980957e-01
2.355979532003402710e-01
2.524367570877075195e-01
2.092100530862808228e-01
2.453798055648803711e-01
2.833907008171081543e-01
3.270366191864013672e-01
5.802493095397949219e-01
7.697219252586364746e-01
1.407284140586853027e+00
7.054181098937988281e-01
3.810405433177947998e-01
3.181691467761993408e-01
3.018709421157836914e-01
2.948578894138336182e-01
2.861480414867401123e-01
3.100998103618621826e-01
3.870920538902282715e-01
3.792807757854461670e-01
4.672861397266387939e-01
4.719477593898773193e-01
3.895532190799713135e-01
3.407559990882873535e-01
3.741984963417053223e-01
2.636508345603942871e-01
2.272715419530868530e-01
2.320731133222579956e-01
2.222409099340438843e-01
2.224941849708557129e-01
2.106894254684448242e-01
2.014004588127136230e-01
1.832890361547470093e-01
2.154550701379776001e-01
2.512575387954711914e-01
3.191973268985748291e-01
2.923582196235656738e-01
3.130611479282379150e-01
4.157103300094604492e-01
5.055406093597412109e-01
4.054819345474243164e-01
4.181780219078063965e-01
4.747907519340515137e-01
6.925361752510070801e-01
3.934203386306762695e-01
2.340406030416488647e-01
1.678270101547241211e-01
2.175841927528381348e-01
2.022548317909240723e-01
1.863923668861389160e-01
1.959949880838394165e-01
1.912045925855636597e-01
2.073539793491363525e-01
1.827317774295806885e-01
1.711656004190444946e-01
1.791383624076843262e-01
1.905155032873153687e-01
2.579562664031982422e-01
3.135550618171691895e-01
4.722446203231811523e-01
3.679774105548858643e-01
2.578791677951812744e-01
2.159638553857803345e-01
2.313950359821319580e-01
1.960642188787460327e-01
1.881895512342453003e-01
1.821896731853485107e-01
1.984890550374984741e-01
2.278451025485992432e-01
3.901944756507873535e-01
6.269735097885131836e-01
7.807901501655578613e-01
2.665211856365203857e-01
2.723130285739898682e-01
3.245317041873931885e-01
5.250546932220458984e-01
8.394775986671447754e-01
9.573165774345397949e-01
2.642537951469421387e-01
3.077736198902130127e-01
2.314159423112869263e-01
2.357602268457412720e-01
2.374346107244491577e-01
1.890541613101959229e-01
1.985217928886413574e-01
2.477850168943405151e-01
3.043306171894073486e-01
3.703133761882781982e-01
2.722506821155548096e-01
2.730427086353302002e-01
3.965683877468109131e-01
6.356231570243835449e-01
4.489059746265411377e-01
4.964759945869445801e-01
