0.000000000000000000e+00
8.285495638847351074e-01
8.031331896781921387e-01
6.954283118247985840e-01
8.439552187919616699e-01
6.910012960433959961e-01
8.166614770889282227e-01
7.928684353828430176e-01
7.579316496849060059e-01
7.115157842636108398e-01
7.108984589576721191e-01
7.083783745765686035e-01
7.741838693618774414e-01
6.675575375556945801e-01
6.798681020736694336e-01
7.912765741348266602e-01
7.371526360511779785e-01
7.920339107513427734e-01
6.751556396484375000e-01
6.975806951522827148e-01
7.069774866104125977e-01
7.568792104721069336e-01
6.933607459068298340e-01
6.932091712951660156e-01
7.214183807373046875e-01
7.921454906463623047e-01
7.398254871368408203e-01
7.288396358489990234e-01
6.959598064422607422e-01
7.033277750015258789e-01
7.170922756195068359e-01
7.355011105537414551e-01
6.990716457366943359e-01
6.878934502601623535e-01
7.058486342430114746e-01
7.042971849441528320e-01
6.867774724960327148e-01
6.855803728103637695e-01
6.704591512680053711e-01
6.626603007316589355e-01
7.226532697677612305e-01
7.085725665092468262e-01
7.250347137451171875e-01
6.902971863746643066e-01
6.860277056694030762e-01
7.135949730873107910e-01
7.001541256904602051e-01
6.614947319030761719e-01
7.236186265945434570e-01
7.068879604339599609e-01
7.014019489288330078e-01
7.054121494293212891e-01
7.088279128074645996e-01
6.692106723785400391e-01
6.835368871688842773e-01
7.237277030944824219e-01
6.994498372077941895e-01
6.783594489097595215e-01
7.056165337562561035e-01
6.811360716819763184e-01
6.873274445533752441e-01
6.846126317977905273e-01
6.897650957107543945e-01
7.065431475639343262e-01
7.137349843978881836e-01
6.802104115486145020e-01
6.866115331649780273e-01
6.854387521743774414e-01
6.898484230041503906e-01
6.927334666252136230e-01
7.031147480010986328e-01
7.174581289291381836e-01
7.014008164405822754e-01
6.918876767158508301e-01
7.032053470611572266e-01
6.909127831459045410e-01
6.956751942634582520e-01
6.966417431831359863e-01
6.960185766220092773e-01
6.983647942543029785e-01
6.939056515693664551e-01
6.914746165275573730e-01
6.920190453529357910e-01
6.923475861549377441e-01
6.943588256835937500e-01
6.909970045089721680e-01
6.917411684989929199e-01
6.837149262428283691e-01
6.896459460258483887e-01
6.928200721740722656e-01
6.993001699447631836e-01
6.917725205421447754e-01
6.860611438751220703e-01
6.872517466545104980e-01
6.794348955154418945e-01
7.006312012672424316e-01
6.931865811347961426e-01
6.927578449249267578e-01
7.022585272789001465e-01
6.988242864608764648e-01
6.930400729179382324e-01
6.983321309089660645e-01
7.101070880889892578e-01
6.903405189514160156e-01
6.948384046554565430e-01
6.901898384094238281e-01
6.985149383544921875e-01
6.902136206626892090e-01
6.939690113067626953e-01
6.918547153472900391e-01
6.954017877578735352e-01
6.977424025535583496e-01
6.907054185867309570e-01
6.937926411628723145e-01
6.918962001800537109e-01
6.932920217514038086e-01
6.950546503067016602e-01
6.934609413146972656e-01
6.910569071769714355e-01
6.965556144714355469e-01
6.904519796371459961e-01
6.950239539146423340e-01
6.955907344818115234e-01
6.937514543533325195e-01
6.915914416313171387e-01
6.904147863388061523e-01
6.962798833847045898e-01
6.952421069145202637e-01
6.948369741439819336e-01
6.918317675590515137e-01
6.881236433982849121e-01
6.939451694488525391e-01
6.912192702293395996e-01
6.961500644683837891e-01
6.878391504287719727e-01
6.986793279647827148e-01
6.886158585548400879e-01
6.966839432716369629e-01
6.870256066322326660e-01
6.890869140625000000e-01
6.989997625350952148e-01
6.881926655769348145e-01
6.907942295074462891e-01
6.994522213935852051e-01
6.984224915504455566e-01
6.823846697807312012e-01
6.926370859146118164e-01
6.942322254180908203e-01
7.018459439277648926e-01
6.950321197509765625e-01
6.934416294097900391e-01
6.936099529266357422e-01
6.946887969970703125e-01
6.930512785911560059e-01
6.941141486167907715e-01
6.930230855941772461e-01
6.935216784477233887e-01
6.950945854187011719e-01
6.927202343940734863e-01
6.917857527732849121e-01
6.915703415870666504e-01
6.894395947456359863e-01
6.870928406715393066e-01
6.995798349380493164e-01
6.948111653327941895e-01
6.881382465362548828e-01
6.906040310859680176e-01
7.008043527603149414e-01
6.922324299812316895e-01
6.943122148513793945e-01
6.982508897781372070e-01
6.947749853134155273e-01
6.930466294288635254e-01
6.938722133636474609e-01
6.946373581886291504e-01
6.914498805999755859e-01
6.931126117706298828e-01
6.928791999816894531e-01
6.926189661026000977e-01
6.914165019989013672e-01
6.891663074493408203e-01
6.916606426239013672e-01
6.922884583473205566e-01
6.954478621482849121e-01
6.902701854705810547e-01
6.807701587677001953e-01
6.946512460708618164e-01
6.974457502365112305e-01
6.888397336006164551e-01
7.007277607917785645e-01
6.919766068458557129e-01
6.909640431404113770e-01
6.887631416320800781e-01
6.914544105529785156e-01
6.951826214790344238e-01
6.965683102607727051e-01
6.889359951019287109e-01
6.875957250595092773e-01
6.970056891441345215e-01
6.853314042091369629e-01
6.917877793312072754e-01
6.912507414817810059e-01
6.905105710029602051e-01
6.843065023422241211e-01
6.888330578804016113e-01
6.873075962066650391e-01
6.859326958656311035e-01
7.072917819023132324e-01
6.872465014457702637e-01
7.047786116600036621e-01
6.932862997055053711e-01
6.907151937484741211e-01
6.913525462150573730e-01
6.864957213401794434e-01
6.891856193542480469e-01
6.996749639511108398e-01
6.922113895416259766e-01
6.905676126480102539e-01
6.915343403816223145e-01
6.930491924285888672e-01
6.980792284011840820e-01
6.921972632408142090e-01
6.897557973861694336e-01
6.908324956893920898e-01
6.895148754119873047e-01
6.903747320175170898e-01
6.904357075691223145e-01
6.907561421394348145e-01
6.930710077285766602e-01
6.896729469299316406e-01
6.911668181419372559e-01
6.879464983940124512e-01
6.891441941261291504e-01
6.898305416107177734e-01
6.886331439018249512e-01
6.845595836639404297e-01
6.876561045646667480e-01
6.847988963127136230e-01
6.859520077705383301e-01
6.880218982696533203e-01
6.887214183807373047e-01
6.912760734558105469e-01
6.835344433784484863e-01
6.889972090721130371e-01
6.830114126205444336e-01
6.913831233978271484e-01
6.783924698829650879e-01
6.834299564361572266e-01
6.868122816085815430e-01
6.749507784843444824e-01
6.769322156906127930e-01
6.703411340713500977e-01
6.749231815338134766e-01
6.796735525131225586e-01
6.753559112548828125e-01
6.652453541755676270e-01
6.766765117645263672e-01
6.844864487648010254e-01
6.645445823669433594e-01
6.844343543052673340e-01
6.782246232032775879e-01
6.859495639801025391e-01
6.875115036964416504e-01
6.636579632759094238e-01
6.800891757011413574e-01
7.083718776702880859e-01
6.531383395195007324e-01
6.647492051124572754e-01
6.791251897811889648e-01
6.609052419662475586e-01
6.439810991287231445e-01
6.720767021179199219e-01
6.580041646957397461e-01
6.657953858375549316e-01
6.716777682304382324e-01
6.899967193603515625e-01
6.575691103935241699e-01
6.851795315742492676e-01
6.580288410186767578e-01
6.545125842094421387e-01
6.361868977546691895e-01
6.606549024581909180e-01
6.085875034332275391e-01
6.298618316650390625e-01
6.589499711990356445e-01
6.487667560577392578e-01
6.392356753349304199e-01
6.375753283500671387e-01
6.323902606964111328e-01
5.862933993339538574e-01
6.349104046821594238e-01
6.458328962326049805e-01
6.387488245964050293e-01
6.302492022514343262e-01
6.085149645805358887e-01
7.036844491958618164e-01
6.355084776878356934e-01
6.193481087684631348e-01
6.490581035614013672e-01
6.151521801948547363e-01
6.333060264587402344e-01
6.186005473136901855e-01
6.228502988815307617e-01
6.203997135162353516e-01
6.529938578605651855e-01
6.263931989669799805e-01
6.321624517440795898e-01
6.247643828392028809e-01
6.264427900314331055e-01
6.180730462074279785e-01
6.126036643981933594e-01
5.615486502647399902e-01
6.892815232276916504e-01
6.204299330711364746e-01
6.074405908584594727e-01
5.984305739402770996e-01
6.033352017402648926e-01
6.180578470230102539e-01
6.500036120414733887e-01
6.408973932266235352e-01
6.310939192771911621e-01
5.991829037666320801e-01
5.903228521347045898e-01
6.004381775856018066e-01
5.987553596496582031e-01
5.837442874908447266e-01
5.802270770072937012e-01
5.816326737403869629e-01
5.842871665954589844e-01
6.469152569770812988e-01
6.481810808181762695e-01
5.679845809936523438e-01
5.574960708618164062e-01
5.922021865844726562e-01
5.750886797904968262e-01
5.731518268585205078e-01
5.918987393379211426e-01
5.968379974365234375e-01
6.391950845718383789e-01
6.573516130447387695e-01
6.156917214393615723e-01
5.332051515579223633e-01
5.946347713470458984e-01
6.491329073905944824e-01
4.935048818588256836e-01
6.067987680435180664e-01
6.710404753684997559e-01
5.609292387962341309e-01
5.567364692687988281e-01
5.411478281021118164e-01
5.547506213188171387e-01
5.450406670570373535e-01
5.702182650566101074e-01
6.205993890762329102e-01
7.969776391983032227e-01
5.931876897811889648e-01
6.826975345611572266e-01
6.846883893013000488e-01
7.973314523696899414e-01
5.416679978370666504e-01
5.782173275947570801e-01
6.446888446807861328e-01
5.625587701797485352e-01
6.572900414466857910e-01
7.223725318908691406e-01
6.575806140899658203e-01
5.862513184547424316e-01
6.415129899978637695e-01
5.769751071929931641e-01
5.988154411315917969e-01
5.120554566383361816e-01
5.124819278717041016e-01
5.656732320785522461e-01
6.424563527107238770e-01
7.139015197753906250e-01
7.584708333015441895e-01
6.437982320785522461e-01
5.128995776176452637e-01
5.358065366744995117e-01
5.001971721649169922e-01
5.145976543426513672e-01
5.151569247245788574e-01
5.759884119033813477e-01
9.887498617172241211e-01
6.399622559547424316e-01
4.963052272796630859e-01
5.648161172866821289e-01
6.921726465225219727e-01
8.140376210212707520e-01
8.515853881835937500e-01
5.593674778938293457e-01
5.325949788093566895e-01
5.695145130157470703e-01
6.273348331451416016e-01
7.688331604003906250e-01
5.369346141815185547e-01
5.760106444358825684e-01
5.554443597793579102e-01
5.313221812248229980e-01
5.014986395835876465e-01
6.048800349235534668e-01
6.638938784599304199e-01
4.884710013866424561e-01
5.276627540588378906e-01
6.382906436920166016e-01
8.086653351783752441e-01
7.833211421966552734e-01
5.110839605331420898e-01
5.116374492645263672e-01
5.561576485633850098e-01
6.192548871040344238e-01
6.957911849021911621e-01
7.058252096176147461e-01
8.998954892158508301e-01
5.305372476577758789e-01
5.106286406517028809e-01
5.323834419250488281e-01
6.566445231437683105e-01
6.188803315162658691e-01
5.022553801536560059e-01
5.122138261795043945e-01
4.749562442302703857e-01
4.775330722332000732e-01
5.145021677017211914e-01
6.398077011108398438e-01
8.574579358100891113e-01
8.931933045387268066e-01
5.089753270149230957e-01
5.084341168403625488e-01
5.404092669486999512e-01
6.738761067390441895e-01
6.049224734306335449e-01
8.011245727539062500e-01
5.121862888336181641e-01
5.666841268539428711e-01
5.454378724098205566e-01
6.920318603515625000e-01
8.010032773017883301e-01
6.943451762199401855e-01
5.576215982437133789e-01
5.573351979255676270e-01
7.640292644500732422e-01
7.228439450263977051e-01
8.607521057128906250e-01
6.622183918952941895e-01
6.778521537780761719e-01
6.745360493659973145e-01
5.188075304031372070e-01
5.174179077148437500e-01
5.066015720367431641e-01
5.093395709991455078e-01
5.011135339736938477e-01
4.799779653549194336e-01
4.942665100097656250e-01
7.139245867729187012e-01
7.858963608741760254e-01
7.264894843101501465e-01
4.929852187633514404e-01
5.104049444198608398e-01
4.963656663894653320e-01
5.342779755592346191e-01
6.608412861824035645e-01
8.084872961044311523e-01
6.699720025062561035e-01
5.031898021697998047e-01
5.507927536964416504e-01
7.328305244445800781e-01
8.950248956680297852e-01
6.955348253250122070e-01
8.706477880477905273e-01
7.942408919334411621e-01
7.035874128341674805e-01
8.320243954658508301e-01
7.158870100975036621e-01
5.306941866874694824e-01
5.374294519424438477e-01
4.618878960609436035e-01
5.084428191184997559e-01
4.891764819622039795e-01
4.653938710689544678e-01
5.482455492019653320e-01
7.419488430023193359e-01
8.600907921791076660e-01
8.098278045654296875e-01
5.205572247505187988e-01
5.175133943557739258e-01
5.361306667327880859e-01
5.339019298553466797e-01
5.393282771110534668e-01
5.056992769241333008e-01
5.048745870590209961e-01
4.998064935207366943e-01
5.118801593780517578e-01
5.699259638786315918e-01
7.563824653625488281e-01
4.787958264350891113e-01
5.047441720962524414e-01
5.496169924736022949e-01
4.772839248180389404e-01
6.467769145965576172e-01
7.875704765319824219e-01
8.875021338462829590e-01
5.061693787574768066e-01
5.886827707290649414e-01
7.918823361396789551e-01
6.079452633857727051e-01
5.019783973693847656e-01
5.574245452880859375e-01
6.714019179344177246e-01
7.062866687774658203e-01
5.025436878204345703e-01
6.154922246932983398e-01
6.470133066177368164e-01
5.239791274070739746e-01
4.753480255603790283e-01
4.932403564453125000e-01
4.513406455516815186e-01
4.667164981365203857e-01
4.724930822849273682e-01
4.673753380775451660e-01
5.750600099563598633e-01
1.057765722274780273e+00
7.978014349937438965e-01
6.725661754608154297e-01
6.969826221466064453e-01
6.838448047637939453e-01
8.791183233261108398e-01
6.530235409736633301e-01
7.326915860176086426e-01
7.581620216369628906e-01
7.173258066177368164e-01
5.397609472274780273e-01
5.065497756004333496e-01
5.265243649482727051e-01
8.105236291885375977e-01
8.132826089859008789e-01
5.162904262542724609e-01
5.151493549346923828e-01
5.185645222663879395e-01
8.001248240470886230e-01
7.691934108734130859e-01
5.631835460662841797e-01
6.431733965873718262e-01
6.894896030426025391e-01
5.130783319473266602e-01
5.254785418510437012e-01
5.853630304336547852e-01
6.734403371810913086e-01
6.534375548362731934e-01
5.513152480125427246e-01
6.209049224853515625e-01
7.012386918067932129e-01
4.925948381423950195e-01
4.995475709438323975e-01
5.539179444313049316e-01
5.023419260978698730e-01
5.319475531578063965e-01
4.398380517959594727e-01
4.828604161739349365e-01
4.796683788299560547e-01
5.861040353775024414e-01
7.784960865974426270e-01
5.224186182022094727e-01
6.137350201606750488e-01
4.777569174766540527e-01
5.438057184219360352e-01
5.770798921585083008e-01
6.965732574462890625e-01
5.164088010787963867e-01
5.142398476600646973e-01
6.153875589370727539e-01
4.250946938991546631e-01
5.000271797180175781e-01
6.153284907341003418e-01
4.901448190212249756e-01
6.501081585884094238e-01
8.222423791885375977e-01
8.779931068420410156e-01
6.103979349136352539e-01
6.825830936431884766e-01
8.780297636985778809e-01
7.226489782333374023e-01
6.880209445953369141e-01
4.849556982517242432e-01
6.471959948539733887e-01
8.135197162628173828e-01
6.110209822654724121e-01
8.342383503913879395e-01
7.223471999168395996e-01
7.220180630683898926e-01
5.945772528648376465e-01
5.183841586112976074e-01
5.241715908050537109e-01
5.441819429397583008e-01
5.071427822113037109e-01
5.758014917373657227e-01
5.765085220336914062e-01
8.235034346580505371e-01
5.791760087013244629e-01
6.742717027664184570e-01
5.097414851188659668e-01
4.918483793735504150e-01
5.116671919822692871e-01
5.097404122352600098e-01
5.845767855644226074e-01
7.190777659416198730e-01
7.041197419166564941e-01
8.006918430328369141e-01
6.928735375404357910e-01
5.873230099678039551e-01
4.979383945465087891e-01
5.005853772163391113e-01
5.526981353759765625e-01
6.412135362625122070e-01
7.816767692565917969e-01
7.044490575790405273e-01
5.499886870384216309e-01
5.216099023818969727e-01
5.858309268951416016e-01
6.049476861953735352e-01
7.628211379051208496e-01
5.655764341354370117e-01
8.218138813972473145e-01
7.362880110740661621e-01
7.220573425292968750e-01
6.831434369087219238e-01
4.895244538784027100e-01
5.134118199348449707e-01
4.967747926712036133e-01
5.028000473976135254e-01
5.444952249526977539e-01
7.859443426132202148e-01
4.643948376178741455e-01
5.305219888687133789e-01
4.789873957633972168e-01
5.297931432723999023e-01
4.886347949504852295e-01
5.211210250854492188e-01
5.283121466636657715e-01
6.319698095321655273e-01
4.370239377021789551e-01
4.727134406566619873e-01
4.675963521003723145e-01
4.863413572311401367e-01
5.928437709808349609e-01
5.046417713165283203e-01
7.672121524810791016e-01
4.735490381717681885e-01
7.054551839828491211e-01
7.717605829238891602e-01
8.155021071434020996e-01
7.658709883689880371e-01
7.113356590270996094e-01
5.375624299049377441e-01
7.147660255432128906e-01
8.806275129318237305e-01
7.580653429031372070e-01
7.949035763740539551e-01
7.243105173110961914e-01
7.558369636535644531e-01
8.000367879867553711e-01
7.105110883712768555e-01
6.751286983489990234e-01
5.423227548599243164e-01
5.027820467948913574e-01
5.657600760459899902e-01
5.974888801574707031e-01
5.686399340629577637e-01
6.474100351333618164e-01
5.174878239631652832e-01
4.732601642608642578e-01
6.253491640090942383e-01
7.707446217536926270e-01
6.089166402816772461e-01
5.585468411445617676e-01
6.261554956436157227e-01
4.966230094432830811e-01
4.622553288936614990e-01
4.676609337329864502e-01
5.435321331024169922e-01
4.765537977218627930e-01
5.803140401840209961e-01
5.657304525375366211e-01
8.518190979957580566e-01
4.663703143596649170e-01
5.197595357894897461e-01
5.340819358825683594e-01
6.610390543937683105e-01
4.515793621540069580e-01
1.077774882316589355e+00
7.545759081840515137e-01
5.082317590713500977e-01
6.248430013656616211e-01
8.697367906570434570e-01
5.965282917022705078e-01
5.096403360366821289e-01
5.612609982490539551e-01
6.306049823760986328e-01
7.207701802253723145e-01
7.261620163917541504e-01
4.903931021690368652e-01
6.709296703338623047e-01
7.777022719383239746e-01
6.693966388702392578e-01
5.430518388748168945e-01
8.448127508163452148e-01
7.051827311515808105e-01
6.000091433525085449e-01
5.146574974060058594e-01
5.294183492660522461e-01
4.651063084602355957e-01
5.101016759872436523e-01
6.175209283828735352e-01
7.172034978866577148e-01
5.721510052680969238e-01
7.615952491760253906e-01
8.182372450828552246e-01
7.952587008476257324e-01
8.360795378684997559e-01
7.780129909515380859e-01
7.683389186859130859e-01
7.289954423904418945e-01
7.152065038681030273e-01
7.240020036697387695e-01
6.932266354560852051e-01
7.137238979339599609e-01
7.076445221900939941e-01
6.967839002609252930e-01
6.855056881904602051e-01
6.394089460372924805e-01
5.922954082489013672e-01
5.628996491432189941e-01
5.175164937973022461e-01
5.167852640151977539e-01
5.245286226272583008e-01
6.000372171401977539e-01
6.355392336845397949e-01
5.040199756622314453e-01
6.298127770423889160e-01
7.648516297340393066e-01
5.668064951896667480e-01
5.671913027763366699e-01
6.879688501358032227e-01
4.983968734741210938e-01
5.306473970413208008e-01
6.823704242706298828e-01
7.519724965095520020e-01
6.019076704978942871e-01
5.168364048004150391e-01
7.298595905303955078e-01
8.080224394798278809e-01
6.901477575302124023e-01
5.853675603866577148e-01
5.173539519309997559e-01
5.028143525123596191e-01
5.423614978790283203e-01
5.096240043640136719e-01
5.671694874763488770e-01
5.773197412490844727e-01
7.642275094985961914e-01
4.967772960662841797e-01
4.868372976779937744e-01
5.061120390892028809e-01
5.279548168182373047e-01
4.323226511478424072e-01
4.762864708900451660e-01
4.694214761257171631e-01
5.596054196357727051e-01
9.187855720520019531e-01
7.939494252204895020e-01
7.622566819190979004e-01
8.692013621330261230e-01
7.822557687759399414e-01
7.355718016624450684e-01
6.855986714363098145e-01
8.075811266899108887e-01
7.533642649650573730e-01
7.310412526130676270e-01
7.340482473373413086e-01
7.173887491226196289e-01
7.043426632881164551e-01
7.164742946624755859e-01
7.114925384521484375e-01
7.132056951522827148e-01
7.064200043678283691e-01
7.015866041183471680e-01
7.062949538230895996e-01
7.002476453781127930e-01
6.995924115180969238e-01
6.957587599754333496e-01
6.934831738471984863e-01
7.042095065116882324e-01
6.980603933334350586e-01
6.927655935287475586e-01
6.943998932838439941e-01
6.858213543891906738e-01
6.956667900085449219e-01
6.862496137619018555e-01
6.760911345481872559e-01
6.874500513076782227e-01
6.691951155662536621e-01
6.773693561553955078e-01
6.867138147354125977e-01
6.925043463706970215e-01
6.872051954269409180e-01
6.780401468276977539e-01
6.883528232574462891e-01
6.748848557472229004e-01
6.773182749748229980e-01
6.752780079841613770e-01
6.735864281654357910e-01
6.687245965003967285e-01
6.663624644279479980e-01
6.763619780540466309e-01
6.637700796127319336e-01
6.656501293182373047e-01
6.685047149658203125e-01
6.646068096160888672e-01
6.676191091537475586e-01
6.596128344535827637e-01
6.582782864570617676e-01
6.565663814544677734e-01
6.520270705223083496e-01
6.482155323028564453e-01
6.549863219261169434e-01
6.621139049530029297e-01
6.512492895126342773e-01
6.443547606468200684e-01
6.266275048255920410e-01
6.360058784484863281e-01
6.484687328338623047e-01
6.308044195175170898e-01
6.545074582099914551e-01
6.405292749404907227e-01
6.547142863273620605e-01
6.278518438339233398e-01
6.240472793579101562e-01
6.421558260917663574e-01
6.459841132164001465e-01
6.296037435531616211e-01
6.068100333213806152e-01
6.347908377647399902e-01
6.473547220230102539e-01
6.196081042289733887e-01
6.201868653297424316e-01
6.396403312683105469e-01
6.201924681663513184e-01
6.175897717475891113e-01
6.037268638610839844e-01
6.181070804595947266e-01
6.111409068107604980e-01
6.243154406547546387e-01
6.005362868309020996e-01
6.150668859481811523e-01
6.203876137733459473e-01
6.018113493919372559e-01
5.812159776687622070e-01
5.671007633209228516e-01
5.716603398323059082e-01
5.946193337440490723e-01
5.784516930580139160e-01
5.794351696968078613e-01
5.929231643676757812e-01
5.879658460617065430e-01
5.649392008781433105e-01
5.576642751693725586e-01
5.282496809959411621e-01
5.755112767219543457e-01
5.616237521171569824e-01
5.475606322288513184e-01
5.570831298828125000e-01
5.409975647926330566e-01
5.242773890495300293e-01
5.251867771148681641e-01
5.472164154052734375e-01
5.554401278495788574e-01
5.492482781410217285e-01
5.833318829536437988e-01
6.008536219596862793e-01
6.482617855072021484e-01
5.744529366493225098e-01
5.639758110046386719e-01
7.051786780357360840e-01
7.901891469955444336e-01
4.609306752681732178e-01
5.379963517189025879e-01
5.561856627464294434e-01
5.738462805747985840e-01
6.660946011543273926e-01
6.385312676429748535e-01
7.511288523674011230e-01
7.488089799880981445e-01
6.158742308616638184e-01
5.237802863121032715e-01
5.171306729316711426e-01
4.870637655258178711e-01
4.490739703178405762e-01
4.741843044757843018e-01
5.163049101829528809e-01
5.038565397262573242e-01
5.049048662185668945e-01
5.303366780281066895e-01
6.806435585021972656e-01
8.068661689758300781e-01
9.014971256256103516e-01
5.199959278106689453e-01
5.150043964385986328e-01
5.091171860694885254e-01
5.113353133201599121e-01
6.431769728660583496e-01
8.696308135986328125e-01
7.937759160995483398e-01
6.055845618247985840e-01
5.274125337600708008e-01
5.608327984809875488e-01
7.221937775611877441e-01
8.701494336128234863e-01
5.021256208419799805e-01
4.718956351280212402e-01
5.127779245376586914e-01
4.941590130329132080e-01
4.913607537746429443e-01
4.746234416961669922e-01
5.051929950714111328e-01
5.389022231101989746e-01
5.936139822006225586e-01
7.284682393074035645e-01
5.814945101737976074e-01
7.073221802711486816e-01
4.709827899932861328e-01
4.700136184692382812e-01
4.648746848106384277e-01
4.843859374523162842e-01
5.802540779113769531e-01
8.445622324943542480e-01
4.451809227466583252e-01
4.565695524215698242e-01
4.941377639770507812e-01
5.113006830215454102e-01
6.168575882911682129e-01
9.477288126945495605e-01
5.088744163513183594e-01
6.881793141365051270e-01
7.381693124771118164e-01
5.487552881240844727e-01
5.778800845146179199e-01
4.597272872924804688e-01
5.819849371910095215e-01
8.797643780708312988e-01
5.133221149444580078e-01
6.193346381187438965e-01
7.680702209472656250e-01
7.587516307830810547e-01
4.896212816238403320e-01
4.931932687759399414e-01
4.635971784591674805e-01
4.725029468536376953e-01
4.962438344955444336e-01
5.843197107315063477e-01
7.961227297782897949e-01
4.367667436599731445e-01
4.811829030513763428e-01
5.651121735572814941e-01
1.030303239822387695e+00
9.838519096374511719e-01
5.596519112586975098e-01
4.561568796634674072e-01
4.747119247913360596e-01
5.128571987152099609e-01
5.658137798309326172e-01
5.462477803230285645e-01
6.878287792205810547e-01
4.612069725990295410e-01
4.551095664501190186e-01
4.417747855186462402e-01
4.369528293609619141e-01
4.478236734867095947e-01
4.680325686931610107e-01
5.622939467430114746e-01
1.068610429763793945e+00
6.007379293441772461e-01
9.629021286964416504e-01
4.744489192962646484e-01
4.626825749874114990e-01
4.945789277553558350e-01
4.377892017364501953e-01
5.082787871360778809e-01
1.250158071517944336e+00
9.692108035087585449e-01
5.129051804542541504e-01
5.923696160316467285e-01
7.057639360427856445e-01
8.593770861625671387e-01
5.757722854614257812e-01
6.949229240417480469e-01
4.590358436107635498e-01
4.801889061927795410e-01
6.066206097602844238e-01
9.110869765281677246e-01
4.860386252403259277e-01
4.962745010852813721e-01
5.271291136741638184e-01
7.406938076019287109e-01
7.050668597221374512e-01
6.757825613021850586e-01
5.356284976005554199e-01
5.965123772621154785e-01
6.414062380790710449e-01
8.467209339141845703e-01
5.199927687644958496e-01
6.239389181137084961e-01
6.032263040542602539e-01
4.953427910804748535e-01
4.651086926460266113e-01
4.557331204414367676e-01
4.828680753707885742e-01
7.022193670272827148e-01
9.451349377632141113e-01
5.141086578369140625e-01
5.692919492721557617e-01
6.360660791397094727e-01
4.480788707733154297e-01
4.575470089912414551e-01
4.610798358917236328e-01
4.376105368137359619e-01
4.122790396213531494e-01
4.519176781177520752e-01
4.949874579906463623e-01
7.808932662010192871e-01
8.828149437904357910e-01
6.348952651023864746e-01
8.384243249893188477e-01
9.266972541809082031e-01
4.597024023532867432e-01
4.873083233833312988e-01
5.333095788955688477e-01
5.770813822746276855e-01
5.972710847854614258e-01
4.516952037811279297e-01
5.193526744842529297e-01
6.647156476974487305e-01
7.737121582031250000e-01
1.041997790336608887e+00
7.215191721916198730e-01
5.078546404838562012e-01
5.441392660140991211e-01
5.475029945373535156e-01
5.901162624359130859e-01
5.102671384811401367e-01
7.153620719909667969e-01
6.198534965515136719e-01
6.665072441101074219e-01
5.858409404754638672e-01
6.179038286209106445e-01
4.670965075492858887e-01
4.583814144134521484e-01
4.346555769443511963e-01
4.435595571994781494e-01
4.468330740928649902e-01
4.383952617645263672e-01
4.957579076290130615e-01
6.822658777236938477e-01
6.092737317085266113e-01
7.184306979179382324e-01
5.693084597587585449e-01
7.434194087982177734e-01
4.260953068733215332e-01
5.137280225753784180e-01
6.346495151519775391e-01
5.955314636230468750e-01
7.380853295326232910e-01
4.549669623374938965e-01
4.472284317016601562e-01
5.033149123191833496e-01
5.705360174179077148e-01
4.803890883922576904e-01
5.441488623619079590e-01
4.778098762035369873e-01
5.185045003890991211e-01
6.177576780319213867e-01
1.069321393966674805e+00
5.693233609199523926e-01
7.175330519676208496e-01
5.510584115982055664e-01
5.898130536079406738e-01
9.199609160423278809e-01
4.680183529853820801e-01
4.864023625850677490e-01
4.615199267864227295e-01
4.886588156223297119e-01
6.955190896987915039e-01
6.956607103347778320e-01
4.907353222370147705e-01
5.969668626785278320e-01
5.759987831115722656e-01
4.613457024097442627e-01
4.754436612129211426e-01
6.139101386070251465e-01
8.854798674583435059e-01
4.292354583740234375e-01
4.248537719249725342e-01
5.127578377723693848e-01
6.625087261199951172e-01
5.495044589042663574e-01
6.401058435440063477e-01
4.803505837917327881e-01
5.495235323905944824e-01
5.234230756759643555e-01
8.042995333671569824e-01
7.330521345138549805e-01
7.417252063751220703e-01
4.673309326171875000e-01
4.617467820644378662e-01
4.716294109821319580e-01
6.213977932929992676e-01
6.824455857276916504e-01
4.128617346286773682e-01
4.739305973052978516e-01
5.423361063003540039e-01
6.210686564445495605e-01
7.239986658096313477e-01
4.604338109493255615e-01
4.400279223918914795e-01
5.220165848731994629e-01
7.165998220443725586e-01
4.627936184406280518e-01
4.854573905467987061e-01
6.850950121879577637e-01
6.804676651954650879e-01
4.893629550933837891e-01
4.134533703327178955e-01
4.403921365737915039e-01
4.942454993724822998e-01
6.822212338447570801e-01
6.910097002983093262e-01
8.648521304130554199e-01
6.647570729255676270e-01
4.719163775444030762e-01
5.332593321800231934e-01
6.238428354263305664e-01
9.170932173728942871e-01
4.350903034210205078e-01
4.549969136714935303e-01
4.404304921627044678e-01
4.440532028675079346e-01
6.667121648788452148e-01
8.109050989151000977e-01
4.517796635627746582e-01
6.190344691276550293e-01
7.774784564971923828e-01
5.055981278419494629e-01
5.264288783073425293e-01
6.505142450332641602e-01
5.428717136383056641e-01
9.138275384902954102e-01
8.077695369720458984e-01
8.091872334480285645e-01
5.772306323051452637e-01
4.702383279800415039e-01
4.694440364837646484e-01
4.271410107612609863e-01
5.930813550949096680e-01
7.590402364730834961e-01
5.451886057853698730e-01
6.981673240661621094e-01
5.281473994255065918e-01
5.300578474998474121e-01
4.216282367706298828e-01
4.401979446411132812e-01
4.531221091747283936e-01
4.319196343421936035e-01
5.215526819229125977e-01
7.142153978347778320e-01
6.232519745826721191e-01
7.165453433990478516e-01
6.402729749679565430e-01
7.565695047378540039e-01
5.186229944229125977e-01
4.637123346328735352e-01
5.433249473571777344e-01
8.338446617126464844e-01
8.708177804946899414e-01
6.941106319427490234e-01
5.502824783325195312e-01
5.080860257148742676e-01
5.565202236175537109e-01
4.574304521083831787e-01
4.831601679325103760e-01
4.829547405242919922e-01
6.803718805313110352e-01
1.019161820411682129e+00
5.832661390304565430e-01
5.079105496406555176e-01
5.544000864028930664e-01
4.882015287876129150e-01
5.781037211418151855e-01
7.949579358100891113e-01
8.589134812355041504e-01
5.063982605934143066e-01
5.053718686103820801e-01
5.259937047958374023e-01
8.533400893211364746e-01
9.224941730499267578e-01
6.643565893173217773e-01
5.537581443786621094e-01
5.525823831558227539e-01
5.958302617073059082e-01
5.243301987648010254e-01
4.970061182975769043e-01
4.703046381473541260e-01
5.197106003761291504e-01
5.969501137733459473e-01
6.415628790855407715e-01
4.488441050052642822e-01
4.302252531051635742e-01
4.276790916919708252e-01
4.714542329311370850e-01
5.403715968132019043e-01
6.383970379829406738e-01
7.897205948829650879e-01
5.977746844291687012e-01
4.670813083648681641e-01
5.421941280364990234e-01
7.816262841224670410e-01
6.834481954574584961e-01
7.227301001548767090e-01
8.853402733802795410e-01
9.837706685066223145e-01
5.875782370567321777e-01
4.736839234828948975e-01
4.662854075431823730e-01
5.376901030540466309e-01
6.974365711212158203e-01
5.429530739784240723e-01
5.831252932548522949e-01
4.445134103298187256e-01
4.620447158813476562e-01
4.453597962856292725e-01
4.246768951416015625e-01
4.703922569751739502e-01
5.851793885231018066e-01
7.513806223869323730e-01
7.151517271995544434e-01
4.492076635360717773e-01
4.682824611663818359e-01
5.920481681823730469e-01
8.080384135246276855e-01
5.345898270606994629e-01
9.427849054336547852e-01
8.702774047851562500e-01
6.955788135528564453e-01
5.685143470764160156e-01
7.698816657066345215e-01
6.146604418754577637e-01
4.450157880783081055e-01
4.739905297756195068e-01
4.656737446784973145e-01
4.242223799228668213e-01
4.492758512496948242e-01
4.863805770874023438e-01
5.938168168067932129e-01
8.265541791915893555e-01
4.392662048339843750e-01
4.585634171962738037e-01
7.635744214057922363e-01
9.285567402839660645e-01
6.807276010513305664e-01
4.557594656944274902e-01
4.665237367153167725e-01
4.849381148815155029e-01
5.259293913841247559e-01
6.419823169708251953e-01
4.738443493843078613e-01
5.170089006423950195e-01
4.882175028324127197e-01
6.750349402427673340e-01
5.712186694145202637e-01
5.809403061866760254e-01
7.082924842834472656e-01
7.850852012634277344e-01
6.175685524940490723e-01
5.481367707252502441e-01
6.724938154220581055e-01
5.317412018775939941e-01
5.926438570022583008e-01
4.727792739868164062e-01
5.177120566368103027e-01
4.948258996009826660e-01
6.071634888648986816e-01
5.114728808403015137e-01
5.999157428741455078e-01
4.865597188472747803e-01
5.783765316009521484e-01
5.582994222640991211e-01
6.371232867240905762e-01
4.635550975799560547e-01
5.244044661521911621e-01
7.498651146888732910e-01
9.409950375556945801e-01
4.914121329784393311e-01
6.079837679862976074e-01
5.869827270507812500e-01
4.418999552726745605e-01
4.847530424594879150e-01
6.376253366470336914e-01
7.966696023941040039e-01
8.543353080749511719e-01
4.913566112518310547e-01
4.402642846107482910e-01
4.374218881130218506e-01
4.567936062812805176e-01
5.447708368301391602e-01
7.800964117050170898e-01
8.634570837020874023e-01
4.959337115287780762e-01
6.276772022247314453e-01
7.924619317054748535e-01
4.233200848102569580e-01
7.785347104072570801e-01
8.204925060272216797e-01
4.909870624542236328e-01
4.538069665431976318e-01
4.742340147495269775e-01
5.035713315010070801e-01
5.287650227546691895e-01
5.741015076637268066e-01
4.406301379203796387e-01
4.251075387001037598e-01
4.672891199588775635e-01
5.414944291114807129e-01
4.666520357131958008e-01
6.331842541694641113e-01
1.293872237205505371e+00
7.897366285324096680e-01
4.701990783214569092e-01
4.518379271030426025e-01
4.488292038440704346e-01
5.547426342964172363e-01
7.896707653999328613e-01
4.719772338867187500e-01
5.932907462120056152e-01
9.318970441818237305e-01
8.413593173027038574e-01
4.697014689445495605e-01
4.521281719207763672e-01
4.350957572460174561e-01
4.234315454959869385e-01
5.318240523338317871e-01
6.334856152534484863e-01
5.054517388343811035e-01
6.945233941078186035e-01
5.007253289222717285e-01
5.474244952201843262e-01
4.324528872966766357e-01
4.216144680976867676e-01
4.142642617225646973e-01
4.420243501663208008e-01
7.516176104545593262e-01
9.526500701904296875e-01
8.785383105278015137e-01
4.354625344276428223e-01
6.533384919166564941e-01
6.587660312652587891e-01
4.876691102981567383e-01
4.331790804862976074e-01
4.972536563873291016e-01
5.269874930381774902e-01
7.326152324676513672e-01
5.592857599258422852e-01
7.526214718818664551e-01
5.206784605979919434e-01
6.142826676368713379e-01
4.196744561195373535e-01
4.335936307907104492e-01
3.763005733489990234e-01
4.970204234123229980e-01
6.660171747207641602e-01
5.109176039695739746e-01
6.632208824157714844e-01
4.691714048385620117e-01
6.339923143386840820e-01
7.306666374206542969e-01
7.928554415702819824e-01
5.575378537178039551e-01
7.260143160820007324e-01
8.092525601387023926e-01
5.499325394630432129e-01
4.536049962043762207e-01
4.634653329849243164e-01
4.266445636749267578e-01
4.592863321304321289e-01
6.648615002632141113e-01
6.909289360046386719e-01
4.701324403285980225e-01
5.063419938087463379e-01
6.373583078384399414e-01
5.276887416839599609e-01
6.722502708435058594e-01
4.723315536975860596e-01
5.252023935317993164e-01
4.387975335121154785e-01
5.029041171073913574e-01
5.745571851730346680e-01
6.335510015487670898e-01
4.127240777015686035e-01
4.278375506401062012e-01
4.020668864250183105e-01
4.483222663402557373e-01
4.674361348152160645e-01
7.202091217041015625e-01
6.568533182144165039e-01
8.891370296478271484e-01
5.264595150947570801e-01
5.970602035522460938e-01
7.998084425926208496e-01
4.258297383785247803e-01
4.327836334705352783e-01
4.264524579048156738e-01
4.934422671794891357e-01
6.826516985893249512e-01
9.216458201408386230e-01
4.817800223827362061e-01
6.258007287979125977e-01
8.742398619651794434e-01
4.547809660434722900e-01
6.877248883247375488e-01
6.169354319572448730e-01
5.547371506690979004e-01
4.582613110542297363e-01
5.372437834739685059e-01
7.014809250831604004e-01
9.555925726890563965e-01
5.717589259147644043e-01
4.636733233928680420e-01
5.179293155670166016e-01
5.746526122093200684e-01
5.929155349731445312e-01
4.530441761016845703e-01
4.568739235401153564e-01
3.969565331935882568e-01
4.151501953601837158e-01
4.162300825119018555e-01
3.716639280319213867e-01
5.543451309204101562e-01
6.654516458511352539e-01
3.712638616561889648e-01
5.340957045555114746e-01
7.735238671302795410e-01
4.127846658229827881e-01
3.789118230342864990e-01
4.564989805221557617e-01
8.437698483467102051e-01
5.747544765472412109e-01
8.249731659889221191e-01
4.923055171966552734e-01
6.289993524551391602e-01
8.591310381889343262e-01
4.627341330051422119e-01
3.841438293457031250e-01
4.008785486221313477e-01
4.399364888668060303e-01
5.825461745262145996e-01
9.326343536376953125e-01
7.429451942443847656e-01
9.323073029518127441e-01
7.432211041450500488e-01
8.251473903656005859e-01
5.357171297073364258e-01
5.797660350799560547e-01
6.357421875000000000e-01
4.432732760906219482e-01
4.434245228767395020e-01
5.565254092216491699e-01
6.716840863227844238e-01
4.065599739551544189e-01
4.311101138591766357e-01
4.380097687244415283e-01
4.426474273204803467e-01
5.342905521392822266e-01
4.944255352020263672e-01
6.573780775070190430e-01
4.873459339141845703e-01
6.480189561843872070e-01
4.659390747547149658e-01
6.841354370117187500e-01
8.954941034317016602e-01
9.687240123748779297e-01
7.853851318359375000e-01
6.153005361557006836e-01
6.108191609382629395e-01
6.204278469085693359e-01
4.260572493076324463e-01
4.434261322021484375e-01
4.178241491317749023e-01
4.441752731800079346e-01
5.350131988525390625e-01
6.354523301124572754e-01
6.650020480155944824e-01
4.858838021755218506e-01
5.973435044288635254e-01
5.975623130798339844e-01
6.601984500885009766e-01
5.652348995208740234e-01
7.201088666915893555e-01
7.359951138496398926e-01
4.746632277965545654e-01
5.706317424774169922e-01
6.984166502952575684e-01
4.229968190193176270e-01
4.754615724086761475e-01
6.055085659027099609e-01
5.776305794715881348e-01
8.428381085395812988e-01
4.216696023941040039e-01
4.827950000762939453e-01
6.291902065277099609e-01
6.336212754249572754e-01
8.487973809242248535e-01
5.035936236381530762e-01
6.159829497337341309e-01
6.633347272872924805e-01
4.667419195175170898e-01
5.757710933685302734e-01
5.874149799346923828e-01
5.584295988082885742e-01
3.740240335464477539e-01
4.066538512706756592e-01
4.225324392318725586e-01
5.113384723663330078e-01
6.081764698028564453e-01
4.259886443614959717e-01
4.030619859695434570e-01
4.405377209186553955e-01
5.597689151763916016e-01
9.573213458061218262e-01
5.069288611412048340e-01
9.863556027412414551e-01
8.222680687904357910e-01
6.291852593421936035e-01
6.044934988021850586e-01
7.162334918975830078e-01
4.198754429817199707e-01
4.244268536567687988e-01
4.235583245754241943e-01
4.598374068737030029e-01
6.197063326835632324e-01
6.969708204269409180e-01
9.372997879981994629e-01
4.734397828578948975e-01
5.925018191337585449e-01
7.792205810546875000e-01
4.386275410652160645e-01
4.363657832145690918e-01
5.922527909278869629e-01
8.487539887428283691e-01
4.852930009365081787e-01
4.366164505481719971e-01
4.548386633396148682e-01
3.958263695240020752e-01
4.286642372608184814e-01
4.685591161251068115e-01
6.815522909164428711e-01
4.856305420398712158e-01
7.466010451316833496e-01
5.116080045700073242e-01
4.837421476840972900e-01
3.972444236278533936e-01
5.011863112449645996e-01
8.859145641326904297e-01
4.157830774784088135e-01
4.627012610435485840e-01
4.299286305904388428e-01
6.314785480499267578e-01
7.510129809379577637e-01
1.045844554901123047e+00
6.571816802024841309e-01
4.247578084468841553e-01
4.207943081855773926e-01
4.688385725021362305e-01
4.523128569126129150e-01
6.939039826393127441e-01
7.667846679687500000e-01
8.620905280113220215e-01
4.571481943130493164e-01
4.609676003456115723e-01
5.641030669212341309e-01
5.700643062591552734e-01
8.403512835502624512e-01
4.151999652385711670e-01
3.865318000316619873e-01
4.156992733478546143e-01
7.111685276031494141e-01
8.933418393135070801e-01
7.381483316421508789e-01
7.426054477691650391e-01
4.380019903182983398e-01
4.184661805629730225e-01
4.170873165130615234e-01
5.011416673660278320e-01
9.214767217636108398e-01
7.363507151603698730e-01
8.435507416725158691e-01
6.194957494735717773e-01
7.155976295471191406e-01
6.926223039627075195e-01
4.787007272243499756e-01
4.816503226757049561e-01
5.389123558998107910e-01
6.704635024070739746e-01
7.563459277153015137e-01
4.736135900020599365e-01
4.264778196811676025e-01
4.429605901241302490e-01
4.119336307048797607e-01
4.043498635292053223e-01
3.813024461269378662e-01
3.599470257759094238e-01
6.283993721008300781e-01
8.022265434265136719e-01
8.729475140571594238e-01
4.287141561508178711e-01
4.256363809108734131e-01
4.008326232433319092e-01
5.146209001541137695e-01
8.530201911926269531e-01
8.892713785171508789e-01
8.810120224952697754e-01
6.540717482566833496e-01
4.563457369804382324e-01
6.692011952400207520e-01
7.874808311462402344e-01
4.665434658527374268e-01
5.668022036552429199e-01
6.472600698471069336e-01
4.230280816555023193e-01
4.595989882946014404e-01
5.446144342422485352e-01
9.904998540878295898e-01
8.576240539550781250e-01
8.010683655738830566e-01
5.966525077819824219e-01
4.821548461914062500e-01
4.871684908866882324e-01
3.892447352409362793e-01
4.396857321262359619e-01
4.588064253330230713e-01
4.780096113681793213e-01
5.318299531936645508e-01
3.921394348144531250e-01
3.790502250194549561e-01
4.040378630161285400e-01
4.767425656318664551e-01
6.461489796638488770e-01
9.306779503822326660e-01
5.212169289588928223e-01
1.160382390022277832e+00
8.158078789710998535e-01
8.461369872093200684e-01
7.644106149673461914e-01
6.016222238540649414e-01
4.897554814815521240e-01
4.928964972496032715e-01
4.517105817794799805e-01
4.556520581245422363e-01
4.231724143028259277e-01
4.196358919143676758e-01
3.832893371582031250e-01
4.276502132415771484e-01
6.200007200241088867e-01
7.740032672882080078e-01
8.919058442115783691e-01
4.422622323036193848e-01
3.856683075428009033e-01
4.144740998744964600e-01
4.966174662113189697e-01
7.482337951660156250e-01
3.579793274402618408e-01
4.144868552684783936e-01
4.951321482658386230e-01
6.452099084854125977e-01
8.905802369117736816e-01
7.466096282005310059e-01
4.884175956249237061e-01
5.950583815574645996e-01
8.207743763923645020e-01
6.146712303161621094e-01
4.189757406711578369e-01
4.734186232089996338e-01
4.651563763618469238e-01
6.328712701797485352e-01
6.060440540313720703e-01
7.313207983970642090e-01
5.841892957687377930e-01
5.126625299453735352e-01
6.789044737815856934e-01
5.475256443023681641e-01
6.694908142089843750e-01
4.286003112792968750e-01
4.208801984786987305e-01
5.015510320663452148e-01
7.641069293022155762e-01
9.260798692703247070e-01
8.919383883476257324e-01
7.529869675636291504e-01
5.186693668365478516e-01
4.708055257797241211e-01
4.910808801651000977e-01
4.556491971015930176e-01
4.948566854000091553e-01
5.315247178077697754e-01
5.730344057083129883e-01
4.186376929283142090e-01
4.003187417984008789e-01
5.227918028831481934e-01
6.478630900382995605e-01
3.489704132080078125e-01
3.420476913452148438e-01
3.560783863067626953e-01
3.837372660636901855e-01
4.468738436698913574e-01
7.509992718696594238e-01
3.473175764083862305e-01
4.094720184803009033e-01
8.866624236106872559e-01
1.070104479789733887e+00
1.018678665161132812e+00
7.376082539558410645e-01
8.593764305114746094e-01
7.570059895515441895e-01
7.668982744216918945e-01
7.680434584617614746e-01
6.825499534606933594e-01
7.086625099182128906e-01
7.234494686126708984e-01
6.888947486877441406e-01
6.924399733543395996e-01
6.983432173728942871e-01
6.831076741218566895e-01
6.906775832176208496e-01
6.617884039878845215e-01
6.884844899177551270e-01
6.838169693946838379e-01
6.828479170799255371e-01
6.873686909675598145e-01
6.923181414604187012e-01
6.820124983787536621e-01
6.814043521881103516e-01
6.740964651107788086e-01
6.935755014419555664e-01
6.881031990051269531e-01
6.814793944358825684e-01
6.798478960990905762e-01
6.788420081138610840e-01
6.729243993759155273e-01
6.882215142250061035e-01
6.784858703613281250e-01
6.777696013450622559e-01
6.734989881515502930e-01
6.718546152114868164e-01
6.694191694259643555e-01
6.727291345596313477e-01
6.696066856384277344e-01
6.653438806533813477e-01
6.788662672042846680e-01
6.803370714187622070e-01
6.753632426261901855e-01
6.696503162384033203e-01
6.686847805976867676e-01
6.724293231964111328e-01
6.654682159423828125e-01
6.630360484123229980e-01
6.709908246994018555e-01
6.628783345222473145e-01
6.524814367294311523e-01
6.721507906913757324e-01
6.662006378173828125e-01
6.725959777832031250e-01
6.628477573394775391e-01
6.598966717720031738e-01
6.663782596588134766e-01
6.626592874526977539e-01
6.605156064033508301e-01
6.549488306045532227e-01
6.562200784683227539e-01
6.631851196289062500e-01
6.581833362579345703e-01
6.580526232719421387e-01
6.557197570800781250e-01
6.518203616142272949e-01
6.436215043067932129e-01
6.574969291687011719e-01
6.400443911552429199e-01
6.520287990570068359e-01
6.426307559013366699e-01
6.415750980377197266e-01
6.454441547393798828e-01
6.458580493927001953e-01
6.693578362464904785e-01
7.009816169738769531e-01
6.507739424705505371e-01
6.357780098915100098e-01
6.349951028823852539e-01
6.374415755271911621e-01
6.512012481689453125e-01
6.467986106872558594e-01
6.827505230903625488e-01
6.224632859230041504e-01
6.315204501152038574e-01
6.353707909584045410e-01
6.341072320938110352e-01
6.332116127014160156e-01
6.691012382507324219e-01
6.745262742042541504e-01
6.071076393127441406e-01
6.334123015403747559e-01
6.569290757179260254e-01
6.549500823020935059e-01
6.608026623725891113e-01
6.119710206985473633e-01
6.081441640853881836e-01
6.008450984954833984e-01
5.942129492759704590e-01
6.053214073181152344e-01
6.206680536270141602e-01
5.906944870948791504e-01
6.071903109550476074e-01
6.190334558486938477e-01
5.987147092819213867e-01
5.755627155303955078e-01
5.711682438850402832e-01
5.599771738052368164e-01
5.324237346649169922e-01
5.462778210639953613e-01
5.513616800308227539e-01
5.702453255653381348e-01
7.068066596984863281e-01
5.396263003349304199e-01
5.902895331382751465e-01
5.476996898651123047e-01
5.850903391838073730e-01
7.133025527000427246e-01
5.357288122177124023e-01
7.074263095855712891e-01
5.186282992362976074e-01
4.945770204067230225e-01
5.003087520599365234e-01
6.816886663436889648e-01
7.965542674064636230e-01
5.708753466606140137e-01
5.534861683845520020e-01
5.332655310630798340e-01
5.006649494171142578e-01
5.139473676681518555e-01
6.328171491622924805e-01
5.541313290596008301e-01
5.800335407257080078e-01
5.380691289901733398e-01
4.502775669097900391e-01
5.020061731338500977e-01
7.075772285461425781e-01
8.575500249862670898e-01
5.167480707168579102e-01
4.748741984367370605e-01
4.682295918464660645e-01
4.399478137493133545e-01
4.142417013645172119e-01
3.944980502128601074e-01
4.240104258060455322e-01
5.100898146629333496e-01
7.304706573486328125e-01
8.889271616935729980e-01
9.397160410881042480e-01
5.999872684478759766e-01
5.583322644233703613e-01
6.206424236297607422e-01
6.729207634925842285e-01
7.098647952079772949e-01
5.620579123497009277e-01
6.426017284393310547e-01
6.187349557876586914e-01
5.582572221755981445e-01
5.404314994812011719e-01
5.513262748718261719e-01
5.625573396682739258e-01
5.894193053245544434e-01
6.025815606117248535e-01
5.317357182502746582e-01
5.169112682342529297e-01
5.108762979507446289e-01
5.247853994369506836e-01
5.603897571563720703e-01
7.991988658905029297e-01
5.739133954048156738e-01
7.467564940452575684e-01
5.090467333793640137e-01
5.636150240898132324e-01
5.564130544662475586e-01
7.594828605651855469e-01
6.026018857955932617e-01
8.103986382484436035e-01
5.611286759376525879e-01
6.047326922416687012e-01
5.284825563430786133e-01
5.929524898529052734e-01
5.245470404624938965e-01
5.478539466857910156e-01
5.173476338386535645e-01
6.512439250946044922e-01
1.070654034614562988e+00
7.464209794998168945e-01
6.169161796569824219e-01
6.746221184730529785e-01
4.366453588008880615e-01
6.956470608711242676e-01
6.511232852935791016e-01
5.326768755912780762e-01
5.208808779716491699e-01
5.476457476615905762e-01
6.972362399101257324e-01
7.104014754295349121e-01
6.564798951148986816e-01
7.042539119720458984e-01
5.479611754417419434e-01
5.241681933403015137e-01
5.655186176300048828e-01
6.102216839790344238e-01
5.768362283706665039e-01
5.806731581687927246e-01
5.312784910202026367e-01
5.629416704177856445e-01
5.868374109268188477e-01
5.405611991882324219e-01
5.078331232070922852e-01
4.831512868404388428e-01
5.203492045402526855e-01
6.488516926765441895e-01
8.134531378746032715e-01
4.987201690673828125e-01
7.530408501625061035e-01
9.306215047836303711e-01
7.186129093170166016e-01
5.645133852958679199e-01
7.548980712890625000e-01
6.070621013641357422e-01
5.682127475738525391e-01
4.719228744506835938e-01
5.290967822074890137e-01
5.600616335868835449e-01
5.161655545234680176e-01
6.022930145263671875e-01
7.193287014961242676e-01
7.550947070121765137e-01
7.200608849525451660e-01
4.965795874595642090e-01
5.349124670028686523e-01
6.064647436141967773e-01
7.735170722007751465e-01
6.222744584083557129e-01
6.487979292869567871e-01
5.080142021179199219e-01
4.940069615840911865e-01
5.043962001800537109e-01
5.326488018035888672e-01
6.518929004669189453e-01
9.681824445724487305e-01
5.248469710350036621e-01
5.893963575363159180e-01
6.606899499893188477e-01
6.446762681007385254e-01
6.108959317207336426e-01
6.138486266136169434e-01
8.352476358413696289e-01
5.388159155845642090e-01
5.860715508460998535e-01
5.544617176055908203e-01
6.312410235404968262e-01
6.023866534233093262e-01
7.114028334617614746e-01
4.828414916992187500e-01
5.520198941230773926e-01
5.880838036537170410e-01
4.701355695724487305e-01
4.855116903781890869e-01
4.829962253570556641e-01
4.542830288410186768e-01
4.601973295211791992e-01
4.885354340076446533e-01
4.702875614166259766e-01
6.298096776008605957e-01
8.297652602195739746e-01
7.120408415794372559e-01
4.910448193550109863e-01
4.925035536289215088e-01
5.837469100952148438e-01
7.494512200355529785e-01
4.645896553993225098e-01
4.876042604446411133e-01
6.991963386535644531e-01
1.116501808166503906e+00
5.679847598075866699e-01
6.510745882987976074e-01
5.412999987602233887e-01
5.756782889366149902e-01
4.597280025482177734e-01
4.874190986156463623e-01
4.759744405746459961e-01
5.153535604476928711e-01
6.130727529525756836e-01
8.395094871520996094e-01
7.049749493598937988e-01
5.374342203140258789e-01
7.781850695610046387e-01
8.191438317298889160e-01
5.853467583656311035e-01
6.172699928283691406e-01
6.433553099632263184e-01
5.049419999122619629e-01
4.295420944690704346e-01
5.015158653259277344e-01
6.013041734695434570e-01
6.069613099098205566e-01
6.880055069923400879e-01
5.186144113540649414e-01
6.276134252548217773e-01
6.024157404899597168e-01
7.812698483467102051e-01
6.231439113616943359e-01
6.655573844909667969e-01
5.238033533096313477e-01
5.452846288681030273e-01
6.132076382637023926e-01
6.097328662872314453e-01
6.020208597183227539e-01
4.943722784519195557e-01
6.641640663146972656e-01
6.568530797958374023e-01
7.037121057510375977e-01
4.498224258422851562e-01
4.682122468948364258e-01
4.631024599075317383e-01
8.156018257141113281e-01
1.056151509284973145e+00
7.605517506599426270e-01
5.915725827217102051e-01
5.072057247161865234e-01
5.321763753890991211e-01
5.415414571762084961e-01
6.968127489089965820e-01
7.052720785140991211e-01
7.277151346206665039e-01
4.831010699272155762e-01
4.928512871265411377e-01
4.855156838893890381e-01
4.589222967624664307e-01
5.436193943023681641e-01
5.965215563774108887e-01
4.616857171058654785e-01
5.693649649620056152e-01
6.684846282005310059e-01
4.512975215911865234e-01
7.449592351913452148e-01
8.399484753608703613e-01
5.106925964355468750e-01
5.895963907241821289e-01
6.501244902610778809e-01
5.289997458457946777e-01
5.351091623306274414e-01
4.265273809432983398e-01
5.207838416099548340e-01
6.000263690948486328e-01
4.538755118846893311e-01
4.676010608673095703e-01
5.209998488426208496e-01
7.630983591079711914e-01
8.466192483901977539e-01
7.818577289581298828e-01
5.984510183334350586e-01
6.089254617691040039e-01
4.844785928726196289e-01
4.572532773017883301e-01
4.758928418159484863e-01
5.110194683074951172e-01
5.291695594787597656e-01
7.391642928123474121e-01
6.915669441223144531e-01
9.362166523933410645e-01
4.810710847377777100e-01
4.579355120658874512e-01
4.639017581939697266e-01
5.100171566009521484e-01
6.316246390342712402e-01
7.038816213607788086e-01
4.635999798774719238e-01
5.768628120422363281e-01
7.490436434745788574e-01
4.889268577098846436e-01
5.329493284225463867e-01
4.476043581962585449e-01
4.661783277988433838e-01
5.459822416305541992e-01
7.848872542381286621e-01
4.305573999881744385e-01
4.895020723342895508e-01
6.314195394515991211e-01
5.741623044013977051e-01
7.185052633285522461e-01
4.583418667316436768e-01
4.461385011672973633e-01
4.545462429523468018e-01
4.776114225387573242e-01
8.071694374084472656e-01
1.131391525268554688e+00
9.133580923080444336e-01
8.678348064422607422e-01
8.636861443519592285e-01
7.898219823837280273e-01
5.215362906455993652e-01
5.028697252273559570e-01
4.831011593341827393e-01
4.964414238929748535e-01
5.642472505569458008e-01
5.510233044624328613e-01
6.889060735702514648e-01
5.302453637123107910e-01
5.869328975677490234e-01
4.963270127773284912e-01
5.665187835693359375e-01
6.510113477706909180e-01
8.848951458930969238e-01
4.993981420993804932e-01
5.336744785308837891e-01
6.068273186683654785e-01
5.437176227569580078e-01
6.408687829971313477e-01
4.541360735893249512e-01
4.901910722255706787e-01
5.189408659934997559e-01
6.317822337150573730e-01
5.648779869079589844e-01
7.349545359611511230e-01
4.691548943519592285e-01
4.756501019001007080e-01
5.800261497497558594e-01
6.358632445335388184e-01
5.360553264617919922e-01
6.533274650573730469e-01
1.020724058151245117e+00
4.635398089885711670e-01
6.652333736419677734e-01
8.624592423439025879e-01
5.477578639984130859e-01
5.950796008110046387e-01
6.802472472190856934e-01
5.391881465911865234e-01
6.957020759582519531e-01
4.550233781337738037e-01
4.645300209522247314e-01
4.750841856002807617e-01
4.340366721153259277e-01
4.457473754882812500e-01
4.038027226924896240e-01
4.682308435440063477e-01
7.032349109649658203e-01
6.066519021987915039e-01
7.854785323143005371e-01
5.322930812835693359e-01
6.645157337188720703e-01
4.434131681919097900e-01
4.783344566822052002e-01
4.147194325923919678e-01
4.401572048664093018e-01
4.210478067398071289e-01
4.122135043144226074e-01
4.440191686153411865e-01
5.673223137855529785e-01
5.708825588226318359e-01
7.309471964836120605e-01
4.356915950775146484e-01
4.296424984931945801e-01
4.460097253322601318e-01
4.907504916191101074e-01
7.540236115455627441e-01
3.690160810947418213e-01
4.019380509853363037e-01
5.619052648544311523e-01
8.620068430900573730e-01
6.128211617469787598e-01
8.167597055435180664e-01
1.039276838302612305e+00
7.410005331039428711e-01
6.150112748146057129e-01
4.454145133495330811e-01
4.501815736293792725e-01
4.868695139884948730e-01
5.484086275100708008e-01
7.595317363739013672e-01
4.240075051784515381e-01
4.631390869617462158e-01
5.389871001243591309e-01
5.542263388633728027e-01
7.443033456802368164e-01
5.430972576141357422e-01
1.055676698684692383e+00
1.244197368621826172e+00
9.320251941680908203e-01
8.633663654327392578e-01
5.917003154754638672e-01
5.217540860176086426e-01
4.887029230594635010e-01
5.303294658660888672e-01
5.413382053375244141e-01
4.240618050098419189e-01
4.521561563014984131e-01
4.469100236892700195e-01
4.571381807327270508e-01
4.538312554359436035e-01
7.210328578948974609e-01
1.039245605468750000e+00
7.846348285675048828e-01
5.447075366973876953e-01
6.773256659507751465e-01
8.131847381591796875e-01
5.166879892349243164e-01
4.415698349475860596e-01
4.288467168807983398e-01
4.884043037891387939e-01
4.649299979209899902e-01
4.454811811447143555e-01
6.919716000556945801e-01
9.890085458755493164e-01
7.005740404129028320e-01
4.810748696327209473e-01
4.456262886524200439e-01
4.399203062057495117e-01
4.063084423542022705e-01
4.250079989433288574e-01
4.277943372726440430e-01
4.493689239025115967e-01
5.274040102958679199e-01
8.645603656768798828e-01
4.561647176742553711e-01
4.170514643192291260e-01
5.431008934974670410e-01
7.853854298591613770e-01
9.422122240066528320e-01
8.362543582916259766e-01
7.806071639060974121e-01
5.081993937492370605e-01
5.074710249900817871e-01
5.773441791534423828e-01
3.785603344440460205e-01
4.341990649700164795e-01
4.142704308032989502e-01
4.971888065338134766e-01
8.203247785568237305e-01
7.562920451164245605e-01
8.968056440353393555e-01
8.905284404754638672e-01
8.249331712722778320e-01
5.429122447967529297e-01
4.558385908603668213e-01
4.447005093097686768e-01
4.498568773269653320e-01
4.643944799900054932e-01
4.476447701454162598e-01
4.950086176395416260e-01
7.778058648109436035e-01
6.440879106521606445e-01
8.782222867012023926e-01
6.293107867240905762e-01
7.581460475921630859e-01
8.365548849105834961e-01
6.106456518173217773e-01
5.178712010383605957e-01
5.183141231536865234e-01
5.069348216056823730e-01
4.704915881156921387e-01
4.769653379917144775e-01
5.517792105674743652e-01
8.176501989364624023e-01
4.735912680625915527e-01
5.249806642532348633e-01
5.820456147193908691e-01
7.781075835227966309e-01
5.122187137603759766e-01
5.205744504928588867e-01
6.073752641677856445e-01
5.742102265357971191e-01
6.647554636001586914e-01
5.258862376213073730e-01
5.374520421028137207e-01
6.978738903999328613e-01
4.635060429573059082e-01
4.712973535060882568e-01
6.177194714546203613e-01
9.212248921394348145e-01
4.797043502330780029e-01
4.323012232780456543e-01
4.725573360919952393e-01
5.218479037284851074e-01
6.748289465904235840e-01
4.659173190593719482e-01
5.414369106292724609e-01
7.221069335937500000e-01
8.675815463066101074e-01
6.485652327537536621e-01
4.655482172966003418e-01
4.130248129367828369e-01
8.110988140106201172e-01
8.060534000396728516e-01
7.149997949600219727e-01
4.508062601089477539e-01
5.138603448867797852e-01
6.622291803359985352e-01
6.754820346832275391e-01
7.180535197257995605e-01
5.280764102935791016e-01
6.214993596076965332e-01
7.390864491462707520e-01
4.443924725055694580e-01
4.543966352939605713e-01
4.964079260826110840e-01
4.668628275394439697e-01
5.281133055686950684e-01
7.069576382637023926e-01
9.355226755142211914e-01
6.539584398269653320e-01
5.390349030494689941e-01
4.543598592281341553e-01
5.031835436820983887e-01
5.905253291130065918e-01
7.509372234344482422e-01
4.554139375686645508e-01
6.174794435501098633e-01
7.023460268974304199e-01
6.368696689605712891e-01
4.319972097873687744e-01
4.741086065769195557e-01
5.346238613128662109e-01
5.974653363227844238e-01
7.564940452575683594e-01
4.358439743518829346e-01
3.717857599258422852e-01
4.291657209396362305e-01
4.770248532295227051e-01
4.931594729423522949e-01
6.532391309738159180e-01
4.447854161262512207e-01
5.321222543716430664e-01
6.143109202384948730e-01
7.590144276618957520e-01
4.820322692394256592e-01
6.773176789283752441e-01
7.408951520919799805e-01
6.687284111976623535e-01
4.354367852210998535e-01
4.484543204307556152e-01
5.803218483924865723e-01
7.818219661712646484e-01
8.195571303367614746e-01
6.094334125518798828e-01
4.726592898368835449e-01
4.542724490165710449e-01
5.389339923858642578e-01
8.612991571426391602e-01
6.636297702789306641e-01
8.401304483413696289e-01
6.666989922523498535e-01
4.581549763679504395e-01
4.276246726512908936e-01
4.303072690963745117e-01
4.512082338333129883e-01
4.810283184051513672e-01
5.440522432327270508e-01
8.026632666587829590e-01
4.384866654872894287e-01
4.459234178066253662e-01
4.646520912647247314e-01
6.772504448890686035e-01
4.464907348155975342e-01
5.873726010322570801e-01
5.511777400970458984e-01
6.974911689758300781e-01
6.849991679191589355e-01
9.973044395446777344e-01
7.668364644050598145e-01
7.408286333084106445e-01
6.241719722747802734e-01
4.907068908214569092e-01
5.650438666343688965e-01
5.290719270706176758e-01
4.672049283981323242e-01
4.614889919757843018e-01
4.812281727790832520e-01
6.062047481536865234e-01
5.925687551498413086e-01
8.066689968109130859e-01
4.639846086502075195e-01
5.369524359703063965e-01
6.658311486244201660e-01
4.177863001823425293e-01
