0.000000000000000000e+00
7.000437974929809570e-01
6.915581226348876953e-01
6.950465440750122070e-01
6.918469071388244629e-01
6.896392107009887695e-01
6.973684430122375488e-01
6.936234235763549805e-01
6.935505867004394531e-01
6.928524971008300781e-01
6.924201250076293945e-01
6.927391290664672852e-01
6.891475915908813477e-01
6.901446580886840820e-01
6.904248595237731934e-01
6.890496611595153809e-01
6.911942958831787109e-01
6.886817216873168945e-01
6.902689337730407715e-01
6.927404999732971191e-01
6.928701996803283691e-01
6.899020671844482422e-01
6.842088103294372559e-01
6.892999410629272461e-01
6.995655894279479980e-01
6.906559467315673828e-01
6.913086771965026855e-01
6.873921751976013184e-01
6.920286417007446289e-01
6.860479712486267090e-01
6.867309808731079102e-01
6.856962442398071289e-01
7.025249004364013672e-01
6.888560652732849121e-01
6.929965019226074219e-01
6.902967095375061035e-01
6.936527490615844727e-01
6.869872808456420898e-01
6.896085143089294434e-01
6.952820420265197754e-01
6.946402192115783691e-01
6.877210736274719238e-01
6.960421204566955566e-01
6.906798481941223145e-01
6.942827701568603516e-01
6.902518272399902344e-01
6.904553174972534180e-01
6.908444762229919434e-01
6.866788268089294434e-01
6.926373839378356934e-01
6.926815509796142578e-01
6.897985339164733887e-01
6.926604509353637695e-01
6.960517168045043945e-01
6.903781890869140625e-01
6.932533383369445801e-01
6.979997158050537109e-01
6.896161437034606934e-01
6.876921057701110840e-01
6.852182745933532715e-01
6.947618126869201660e-01
6.871598958969116211e-01
6.912349462509155273e-01
6.916040182113647461e-01
6.904985904693603516e-01
6.879084110260009766e-01
6.908407807350158691e-01
6.879222393035888672e-01
6.853705644607543945e-01
6.901996731758117676e-01
6.925228834152221680e-01
6.858326792716979980e-01
6.789895892143249512e-01
6.866199374198913574e-01
6.963222026824951172e-01
6.766973733901977539e-01
6.991523504257202148e-01
6.980514526367187500e-01
6.925819516181945801e-01
6.838878393173217773e-01
6.883748769760131836e-01
6.856232285499572754e-01
6.947133541107177734e-01
6.922751069068908691e-01
6.857440471649169922e-01
6.939353346824645996e-01
6.829272508621215820e-01
6.925324201583862305e-01
6.873106956481933594e-01
6.871850490570068359e-01
6.902985572814941406e-01
6.880542039871215820e-01
6.894562244415283203e-01
6.831479072570800781e-01
6.841140985488891602e-01
6.920515298843383789e-01
6.893464922904968262e-01
6.854902505874633789e-01
6.886197924613952637e-01
6.810355186462402344e-01
6.967025995254516602e-01
6.894689798355102539e-01
6.915016174316406250e-01
6.894560456275939941e-01
6.782324314117431641e-01
6.904165744781494141e-01
6.900094747543334961e-01
6.868011355400085449e-01
6.829978227615356445e-01
6.878171563148498535e-01
6.963049173355102539e-01
6.883572340011596680e-01
6.861141324043273926e-01
6.847014427185058594e-01
6.780560016632080078e-01
6.869353652000427246e-01
6.714512705802917480e-01
6.776073575019836426e-01
6.791896224021911621e-01
6.670413017272949219e-01
6.701937913894653320e-01
6.836569309234619141e-01
7.005878686904907227e-01
6.825391650199890137e-01
6.747133135795593262e-01
6.420478820800781250e-01
6.922956705093383789e-01
7.002591490745544434e-01
6.887872815132141113e-01
6.825692057609558105e-01
6.735446453094482422e-01
6.802458167076110840e-01
6.645117998123168945e-01
6.975012421607971191e-01
6.725836992263793945e-01
6.735878586769104004e-01
6.765018701553344727e-01
6.848992705345153809e-01
6.848838925361633301e-01
6.800386309623718262e-01
6.839482188224792480e-01
6.670124530792236328e-01
6.795191764831542969e-01
6.842769384384155273e-01
6.838207840919494629e-01
6.813704967498779297e-01
6.825114488601684570e-01
6.804409623146057129e-01
6.776477694511413574e-01
6.766908168792724609e-01
6.709572076797485352e-01
6.763711571693420410e-01
6.807419657707214355e-01
6.778307557106018066e-01
6.765131950378417969e-01
6.803376078605651855e-01
6.754621267318725586e-01
6.788437366485595703e-01
6.760612726211547852e-01
6.716005206108093262e-01
6.732860803604125977e-01
6.743584275245666504e-01
6.766369342803955078e-01
6.758037805557250977e-01
6.753072142601013184e-01
6.658700704574584961e-01
6.703079938888549805e-01
6.730577945709228516e-01
6.719764471054077148e-01
6.680864691734313965e-01
6.715025305747985840e-01
6.703112125396728516e-01
6.687541007995605469e-01
6.645976305007934570e-01
6.666810512542724609e-01
6.630747318267822266e-01
6.491107940673828125e-01
6.537543535232543945e-01
6.572042703628540039e-01
6.654723286628723145e-01
6.632105112075805664e-01
6.535698175430297852e-01
6.715878844261169434e-01
6.535353660583496094e-01
6.539579629898071289e-01
6.506439447402954102e-01
6.406093835830688477e-01
6.593461036682128906e-01
6.571871042251586914e-01
6.370275020599365234e-01
6.757400035858154297e-01
6.438272595405578613e-01
6.394677162170410156e-01
6.342179179191589355e-01
6.360406279563903809e-01
6.393026709556579590e-01
6.230098009109497070e-01
6.592994928359985352e-01
6.299743056297302246e-01
6.308020949363708496e-01
6.203945875167846680e-01
6.379380822181701660e-01
6.257756948471069336e-01
6.296061277389526367e-01
6.301960945129394531e-01
6.148307919502258301e-01
6.029639840126037598e-01
6.338728070259094238e-01
6.251786947250366211e-01
6.126220822334289551e-01
6.273958683013916016e-01
6.160899996757507324e-01
5.876123905181884766e-01
6.321078538894653320e-01
6.061637997627258301e-01
6.032189726829528809e-01
6.053913235664367676e-01
6.085616350173950195e-01
5.779756903648376465e-01
5.815950632095336914e-01
5.820140242576599121e-01
5.842421054840087891e-01
5.737315416336059570e-01
5.876879692077636719e-01
6.199805140495300293e-01
6.479280591011047363e-01
5.934758186340332031e-01
6.442652344703674316e-01
5.989277362823486328e-01
6.023128032684326172e-01
5.769822597503662109e-01
6.046116948127746582e-01
6.933304667472839355e-01
5.483001470565795898e-01
5.617625713348388672e-01
5.598621368408203125e-01
5.394177436828613281e-01
5.513287186622619629e-01
5.416422486305236816e-01
5.333184003829956055e-01
6.724945306777954102e-01
7.592642903327941895e-01
8.427067399024963379e-01
5.414125323295593262e-01
5.524362921714782715e-01
5.419093370437622070e-01
5.295011401176452637e-01
5.921800136566162109e-01
6.829898357391357422e-01
5.666190981864929199e-01
6.804471015930175781e-01
1.019101381301879883e+00
5.390540361404418945e-01
5.617514252662658691e-01
5.586657524108886719e-01
5.603236556053161621e-01
5.096069574356079102e-01
5.594885349273681641e-01
7.460795044898986816e-01
6.739239692687988281e-01
7.413106560707092285e-01
6.404173970222473145e-01
5.721533298492431641e-01
5.854912996292114258e-01
5.689274072647094727e-01
5.248373150825500488e-01
5.123155713081359863e-01
5.186762809753417969e-01
5.307549834251403809e-01
6.545137166976928711e-01
9.386193752288818359e-01
5.063801407814025879e-01
5.074315667152404785e-01
5.303582549095153809e-01
7.835710048675537109e-01
6.294756531715393066e-01
5.302222967147827148e-01
5.682728886604309082e-01
7.889654040336608887e-01
9.680692553520202637e-01
5.625909566879272461e-01
5.077642202377319336e-01
5.048068165779113770e-01
5.666453242301940918e-01
6.823837757110595703e-01
8.307229876518249512e-01
5.623812079429626465e-01
5.174510478973388672e-01
5.095623135566711426e-01
5.979157090187072754e-01
7.088036537170410156e-01
5.011897683143615723e-01
4.817631840705871582e-01
4.898250997066497803e-01
4.934637844562530518e-01
5.162227153778076172e-01
8.471999168395996094e-01
1.037313938140869141e+00
6.880499124526977539e-01
5.022727251052856445e-01
5.097659826278686523e-01
5.706260204315185547e-01
6.678739190101623535e-01
4.773899912834167480e-01
4.974963366985321045e-01
4.972797632217407227e-01
4.601136744022369385e-01
5.554635524749755859e-01
7.210059165954589844e-01
5.392639636993408203e-01
7.871291637420654297e-01
7.390994429588317871e-01
7.074772119522094727e-01
9.708991050720214844e-01
7.947509884834289551e-01
5.107257962226867676e-01
6.196466684341430664e-01
6.682924032211303711e-01
5.977012515068054199e-01
7.069824934005737305e-01
9.066161513328552246e-01
5.124427080154418945e-01
5.213474035263061523e-01
5.070668458938598633e-01
5.139285922050476074e-01
5.046234726905822754e-01
4.823307693004608154e-01
4.891200363636016846e-01
5.170727372169494629e-01
5.294763445854187012e-01
4.356622397899627686e-01
5.714568495750427246e-01
6.802221536636352539e-01
5.127351284027099609e-01
6.336419582366943359e-01
7.087458968162536621e-01
7.322751879692077637e-01
7.651699185371398926e-01
8.986564874649047852e-01
8.116326928138732910e-01
6.136253476142883301e-01
5.890523195266723633e-01
5.787916779518127441e-01
7.752773761749267578e-01
8.711270689964294434e-01
5.039541721343994141e-01
5.321424603462219238e-01
5.815608501434326172e-01
5.469743609428405762e-01
5.127265453338623047e-01
5.212832093238830566e-01
5.260661840438842773e-01
6.634266376495361328e-01
8.982336521148681641e-01
5.346704721450805664e-01
5.675404667854309082e-01
6.622213125228881836e-01
5.532461404800415039e-01
5.765200853347778320e-01
6.646108031272888184e-01
7.355954647064208984e-01
5.386061668395996094e-01
5.290852189064025879e-01
4.563518166542053223e-01
7.015315890312194824e-01
8.218683600425720215e-01
5.087148547172546387e-01
4.750784039497375488e-01
4.973054826259613037e-01
4.886322021484375000e-01
5.333995223045349121e-01
5.999327301979064941e-01
6.102157235145568848e-01
6.077317595481872559e-01
5.069343447685241699e-01
7.917610406875610352e-01
9.010529518127441406e-01
5.239441394805908203e-01
5.962779521942138672e-01
6.983448863029479980e-01
5.800418257713317871e-01
6.882698535919189453e-01
5.191106796264648438e-01
5.763204097747802734e-01
7.670680880546569824e-01
6.320001482963562012e-01
5.296823978424072266e-01
6.093605756759643555e-01
8.616776466369628906e-01
7.350536584854125977e-01
5.020812153816223145e-01
4.907912909984588623e-01
5.187071561813354492e-01
5.727790594100952148e-01
5.809345841407775879e-01
5.068977475166320801e-01
4.634799659252166748e-01
5.225369930267333984e-01
6.169864535331726074e-01
8.019315600395202637e-01
1.042358994483947754e+00
5.999983549118041992e-01
7.036986351013183594e-01
7.638677954673767090e-01
4.657371938228607178e-01
4.745535254478454590e-01
4.852741658687591553e-01
4.744691550731658936e-01
4.744296371936798096e-01
4.645228683948516846e-01
5.231372714042663574e-01
7.335279583930969238e-01
7.044841647148132324e-01
5.018149018287658691e-01
5.571209788322448730e-01
5.981854796409606934e-01
7.778154611587524414e-01
5.747240185737609863e-01
5.192348957061767578e-01
5.235698223114013672e-01
6.436070203781127930e-01
7.480461001396179199e-01
5.477762222290039062e-01
5.729472041130065918e-01
5.141375064849853516e-01
5.845073461532592773e-01
8.152368664741516113e-01
8.147518634796142578e-01
5.479316115379333496e-01
5.199618935585021973e-01
5.537454485893249512e-01
6.205012798309326172e-01
6.828077435493469238e-01
4.403720200061798096e-01
4.832949340343475342e-01
5.272973179817199707e-01
6.269746422767639160e-01
6.949277520179748535e-01
6.479009985923767090e-01
6.794304847717285156e-01
5.013707876205444336e-01
4.890691041946411133e-01
5.361236333847045898e-01
7.064723968505859375e-01
5.876042842864990234e-01
6.434209346771240234e-01
5.805809497833251953e-01
6.465108394622802734e-01
4.887719452381134033e-01
4.811590313911437988e-01
5.150358676910400391e-01
6.854779124259948730e-01
7.951320409774780273e-01
7.990289926528930664e-01
5.521005988121032715e-01
5.733522772789001465e-01
4.236598312854766846e-01
4.599297344684600830e-01
5.145351886749267578e-01
5.893927216529846191e-01
6.925775408744812012e-01
8.237622976303100586e-01
4.969440698623657227e-01
5.140118598937988281e-01
6.011419296264648438e-01
6.043006777763366699e-01
4.650627374649047852e-01
5.196409225463867188e-01
5.331020951271057129e-01
4.552918970584869385e-01
4.759469926357269287e-01
6.196831464767456055e-01
1.203709006309509277e+00
5.977332592010498047e-01
6.833032965660095215e-01
8.743863105773925781e-01
6.145789623260498047e-01
8.422605395317077637e-01
5.290748476982116699e-01
5.984377861022949219e-01
6.103024482727050781e-01
5.558313727378845215e-01
4.969521760940551758e-01
5.293901562690734863e-01
5.840792059898376465e-01
7.375540137290954590e-01
6.018420457839965820e-01
6.771357655525207520e-01
4.586696326732635498e-01
4.775185883045196533e-01
5.775452852249145508e-01
8.516458272933959961e-01
8.004673123359680176e-01
5.043148994445800781e-01
4.802315831184387207e-01
4.631181359291076660e-01
5.219984650611877441e-01
6.113028526306152344e-01
6.937021613121032715e-01
9.210403561592102051e-01
4.705736935138702393e-01
4.823836088180541992e-01
4.754256904125213623e-01
4.759951829910278320e-01
4.696678817272186279e-01
5.383440852165222168e-01
7.802003622055053711e-01
9.044290184974670410e-01
6.360848546028137207e-01
6.964351534843444824e-01
8.919397592544555664e-01
4.794507920742034912e-01
4.921851754188537598e-01
6.236121654510498047e-01
7.536460757255554199e-01
4.963446855545043945e-01
4.977070689201354980e-01
4.781587123870849609e-01
4.796334505081176758e-01
5.091375708580017090e-01
6.502239704132080078e-01
7.767557501792907715e-01
7.548657059669494629e-01
5.369685292243957520e-01
7.446295022964477539e-01
7.385087609291076660e-01
5.113866925239562988e-01
5.368308424949645996e-01
6.774069070816040039e-01
6.351072788238525391e-01
7.508082389831542969e-01
5.654725432395935059e-01
5.633310079574584961e-01
4.641227424144744873e-01
4.780107438564300537e-01
4.746408462524414062e-01
5.100950002670288086e-01
7.391242980957031250e-01
9.131554365158081055e-01
4.853783845901489258e-01
4.942741394042968750e-01
5.585542321205139160e-01
6.986035108566284180e-01
8.122634291648864746e-01
4.602143764495849609e-01
4.700479209423065186e-01
4.840631186962127686e-01
5.270895957946777344e-01
6.071102023124694824e-01
8.121395111083984375e-01
5.205407142639160156e-01
5.940778255462646484e-01
4.654381573200225830e-01
5.157473087310791016e-01
4.890328645706176758e-01
5.452480912208557129e-01
5.027874112129211426e-01
6.602327227592468262e-01
1.147410750389099121e+00
6.678981184959411621e-01
4.860993921756744385e-01
4.995475709438323975e-01
5.063394308090209961e-01
5.029572844505310059e-01
4.333628118038177490e-01
4.607068598270416260e-01
5.253577232360839844e-01
9.986458420753479004e-01
8.373745083808898926e-01
4.642497301101684570e-01
4.290569424629211426e-01
5.355204939842224121e-01
5.743839740753173828e-01
4.307073354721069336e-01
5.418703556060791016e-01
7.774258255958557129e-01
6.184013485908508301e-01
7.833291888236999512e-01
4.588493406772613525e-01
4.930537045001983643e-01
6.834078431129455566e-01
7.910507321357727051e-01
4.601697027683258057e-01
5.703665614128112793e-01
7.260127067565917969e-01
4.567727148532867432e-01
4.554744064807891846e-01
4.959599673748016357e-01
6.452451348304748535e-01
6.117730140686035156e-01
7.203734517097473145e-01
4.573088586330413818e-01
4.358488917350769043e-01
4.989451169967651367e-01
5.526875853538513184e-01
4.380201697349548340e-01
4.663543701171875000e-01
6.732736825942993164e-01
7.616880536079406738e-01
5.519316792488098145e-01
1.173267483711242676e+00
7.645828723907470703e-01
4.704904258251190186e-01
4.360821545124053955e-01
5.055994987487792969e-01
6.924838423728942871e-01
7.171418666839599609e-01
7.164757251739501953e-01
5.908520817756652832e-01
5.589103102684020996e-01
7.640172839164733887e-01
6.991450786590576172e-01
5.977346301078796387e-01
5.415099859237670898e-01
5.759729146957397461e-01
4.645480811595916748e-01
4.529831707477569580e-01
6.851673722267150879e-01
6.878730654716491699e-01
4.806812405586242676e-01
4.610517919063568115e-01
5.141164660453796387e-01
7.091938257217407227e-01
8.570646047592163086e-01
5.334260463714599609e-01
6.243473887443542480e-01
8.748273253440856934e-01
4.672760069370269775e-01
4.618293642997741699e-01
4.374762773513793945e-01
4.379427731037139893e-01
4.487486779689788818e-01
4.863534271717071533e-01
6.000921130180358887e-01
5.705368518829345703e-01
8.910004496574401855e-01
4.972290694713592529e-01
5.914875268936157227e-01
5.930063128471374512e-01
8.444947004318237305e-01
5.601338148117065430e-01
7.583380937576293945e-01
5.101163387298583984e-01
6.347789168357849121e-01
9.044111371040344238e-01
7.040157318115234375e-01
6.629372239112854004e-01
6.124294400215148926e-01
5.633952617645263672e-01
4.789172112941741943e-01
4.470351934432983398e-01
4.706321060657501221e-01
4.427340328693389893e-01
4.767804443836212158e-01
5.451279282569885254e-01
8.580946922302246094e-01
5.319727063179016113e-01
7.227821350097656250e-01
6.100876331329345703e-01
5.656022429466247559e-01
4.282490611076354980e-01
4.874200820922851562e-01
5.723932385444641113e-01
6.663166284561157227e-01
9.468926787376403809e-01
4.949618279933929443e-01
4.499646425247192383e-01
4.564855694770812988e-01
6.485759615898132324e-01
6.610995531082153320e-01
4.657065570354461670e-01
4.554277062416076660e-01
5.177228450775146484e-01
6.779074072837829590e-01
8.403416275978088379e-01
4.594932496547698975e-01
5.445643067359924316e-01
6.502995491027832031e-01
4.837541282176971436e-01
6.212327480316162109e-01
6.368286609649658203e-01
6.536235213279724121e-01
4.491611123085021973e-01
4.765224158763885498e-01
5.639240741729736328e-01
6.669318675994873047e-01
4.739581942558288574e-01
6.813364624977111816e-01
7.251259088516235352e-01
8.434092998504638672e-01
7.948118448257446289e-01
4.585385918617248535e-01
4.315335750579833984e-01
4.380188286304473877e-01
4.557027518749237061e-01
4.835436344146728516e-01
6.517432332038879395e-01
6.563614010810852051e-01
7.894183397293090820e-01
5.189090967178344727e-01
9.022334218025207520e-01
7.132620215415954590e-01
4.472593665122985840e-01
4.624096155166625977e-01
4.666915237903594971e-01
6.200613975524902344e-01
7.758113145828247070e-01
7.101447582244873047e-01
5.267426967620849609e-01
6.152294874191284180e-01
5.252647995948791504e-01
6.735120415687561035e-01
6.752910017967224121e-01
7.432642579078674316e-01
5.757279396057128906e-01
6.332691311836242676e-01
7.322708368301391602e-01
4.687514603137969971e-01
4.671132564544677734e-01
4.923673868179321289e-01
5.192201137542724609e-01
7.074257135391235352e-01
9.075382351875305176e-01
6.944256424903869629e-01
6.661528944969177246e-01
4.870428442955017090e-01
4.658909142017364502e-01
4.679393768310546875e-01
4.707120060920715332e-01
4.628124237060546875e-01
4.854496121406555176e-01
6.727810502052307129e-01
5.871443748474121094e-01
7.486530542373657227e-01
4.617986381053924561e-01
5.341196656227111816e-01
8.099662065505981445e-01
9.626797437667846680e-01
4.719682335853576660e-01
5.740186572074890137e-01
7.080981731414794922e-01
4.339411258697509766e-01
4.565642476081848145e-01
4.460774660110473633e-01
5.398328304290771484e-01
7.282377481460571289e-01
4.361615777015686035e-01
4.704013764858245850e-01
7.359884381294250488e-01
7.032462358474731445e-01
6.818111538887023926e-01
5.746181607246398926e-01
6.011400818824768066e-01
7.437198758125305176e-01
4.821911752223968506e-01
5.027986764907836914e-01
4.432623982429504395e-01
5.015037655830383301e-01
7.292326092720031738e-01
9.503170251846313477e-01
7.349677085876464844e-01
4.511495828628540039e-01
4.760412871837615967e-01
5.596726536750793457e-01
6.812495589256286621e-01
4.738306403160095215e-01
5.235614180564880371e-01
5.762239098548889160e-01
6.230255961418151855e-01
4.929956793785095215e-01
5.921155810356140137e-01
6.881774067878723145e-01
9.543150067329406738e-01
5.195696353912353516e-01
5.554488897323608398e-01
7.255363464355468750e-01
6.418039202690124512e-01
5.983473658561706543e-01
5.509536862373352051e-01
6.185888648033142090e-01
6.336709856986999512e-01
4.592207372188568115e-01
4.874381124973297119e-01
4.729198515415191650e-01
4.505232870578765869e-01
4.484602808952331543e-01
4.411102235317230225e-01
7.719944715499877930e-01
1.050688028335571289e+00
8.137874603271484375e-01
8.019903302192687988e-01
7.150789499282836914e-01
7.644683122634887695e-01
5.527585744857788086e-01
5.447659492492675781e-01
5.098680853843688965e-01
4.892438650131225586e-01
4.769909679889678955e-01
4.223852157592773438e-01
4.303090572357177734e-01
4.607497453689575195e-01
6.676313281059265137e-01
9.915813207626342773e-01
4.800172746181488037e-01
4.868976175785064697e-01
6.214809417724609375e-01
7.417209148406982422e-01
8.864546418190002441e-01
6.773702502250671387e-01
6.523683667182922363e-01
9.076734185218811035e-01
5.166670680046081543e-01
4.693504273891448975e-01
4.749615490436553955e-01
4.845341742038726807e-01
4.956360757350921631e-01
5.372706651687622070e-01
6.812070608139038086e-01
4.294380545616149902e-01
5.330032110214233398e-01
6.258868575096130371e-01
3.849235177040100098e-01
5.866780281066894531e-01
6.945598721504211426e-01
6.463633179664611816e-01
5.247591137886047363e-01
5.769565105438232422e-01
5.784553885459899902e-01
6.805679202079772949e-01
4.846233129501342773e-01
5.327371954917907715e-01
7.664120197296142578e-01
4.450021386146545410e-01
4.718112945556640625e-01
4.709690809249877930e-01
6.423983573913574219e-01
6.986116170883178711e-01
9.526867866516113281e-01
5.623654723167419434e-01
4.785346090793609619e-01
5.183517336845397949e-01
5.080993175506591797e-01
6.651015281677246094e-01
6.048196554183959961e-01
7.331502437591552734e-01
4.492675065994262695e-01
4.382957220077514648e-01
4.806652367115020752e-01
6.802698373794555664e-01
6.618167161941528320e-01
7.995194792747497559e-01
9.029432535171508789e-01
6.420936584472656250e-01
5.628287792205810547e-01
5.971887111663818359e-01
5.758529305458068848e-01
6.388137340545654297e-01
4.724767804145812988e-01
4.433724284172058105e-01
4.381817877292633057e-01
4.315734803676605225e-01
5.505540966987609863e-01
7.832377552986145020e-01
4.516754448413848877e-01
4.018077850341796875e-01
4.681619405746459961e-01
6.748651266098022461e-01
5.160686969757080078e-01
7.578304409980773926e-01
4.716896414756774902e-01
5.740811228752136230e-01
4.457921683788299561e-01
5.492521524429321289e-01
6.131680011749267578e-01
9.406215548515319824e-01
6.146293878555297852e-01
4.247950315475463867e-01
4.909417033195495605e-01
6.601935029029846191e-01
4.539134502410888672e-01
5.927923321723937988e-01
4.750840067863464355e-01
5.398274660110473633e-01
4.389707148075103760e-01
5.203931927680969238e-01
1.284882545471191406e+00
8.749725818634033203e-01
5.105398297309875488e-01
4.119563400745391846e-01
4.795164763927459717e-01
5.156755447387695312e-01
7.646840810775756836e-01
7.178279161453247070e-01
8.189876675605773926e-01
7.359212636947631836e-01
5.044754147529602051e-01
4.688215255737304688e-01
4.778498113155364990e-01
4.903455674648284912e-01
6.012977361679077148e-01
5.276868343353271484e-01
5.898756384849548340e-01
4.267032146453857422e-01
4.100438654422760010e-01
3.963528573513031006e-01
4.175283908843994141e-01
4.720750451087951660e-01
8.172635436058044434e-01
6.704325079917907715e-01
9.670436382293701172e-01
9.468721747398376465e-01
7.828440666198730469e-01
6.492832303047180176e-01
4.785614907741546631e-01
4.885116517543792725e-01
5.235366225242614746e-01
4.146292209625244141e-01
4.497253894805908203e-01
5.443789958953857422e-01
7.574896812438964844e-01
4.642347693443298340e-01
4.677286148071289062e-01
5.878261327743530273e-01
5.223861932754516602e-01
6.968305706977844238e-01
4.333837032318115234e-01
4.445156455039978027e-01
6.319552659988403320e-01
1.196246623992919922e+00
8.637351989746093750e-01
8.013817667961120605e-01
4.912983775138854980e-01
4.217887222766876221e-01
4.295532703399658203e-01
4.547322392463684082e-01
4.248872399330139160e-01
4.814607203006744385e-01
6.968027353286743164e-01
7.919545769691467285e-01
8.446608185768127441e-01
7.657074928283691406e-01
5.040242671966552734e-01
6.807451844215393066e-01
6.957631111145019531e-01
7.113592624664306641e-01
5.532436966896057129e-01
6.294068098068237305e-01
7.316497564315795898e-01
4.935394227504730225e-01
4.929042756557464600e-01
5.255076289176940918e-01
7.927191257476806641e-01
8.186087012290954590e-01
7.775920033454895020e-01
7.201260328292846680e-01
7.390406727790832520e-01
5.386819243431091309e-01
5.408794879913330078e-01
5.058684349060058594e-01
5.766683816909790039e-01
6.865278482437133789e-01
4.909147620201110840e-01
4.898821711540222168e-01
5.728036165237426758e-01
7.609794735908508301e-01
5.207107663154602051e-01
5.680446624755859375e-01
4.861297309398651123e-01
5.330035686492919922e-01
4.575389027595520020e-01
5.377576351165771484e-01
7.522529363632202148e-01
9.073722958564758301e-01
7.010754346847534180e-01
5.679399967193603516e-01
4.348121881484985352e-01
4.272482991218566895e-01
4.318296313285827637e-01
4.376674592494964600e-01
5.421006679534912109e-01
6.855210661888122559e-01
9.307008981704711914e-01
6.922168135643005371e-01
6.908083558082580566e-01
6.173885464668273926e-01
4.952968955039978027e-01
5.584648251533508301e-01
6.317228674888610840e-01
4.668664932250976562e-01
4.396842122077941895e-01
4.033569693565368652e-01
4.753162860870361328e-01
6.458677053451538086e-01
3.724916577339172363e-01
4.126242399215698242e-01
4.185561835765838623e-01
7.853515148162841797e-01
9.081857800483703613e-01
8.719275593757629395e-01
7.868829369544982910e-01
4.734547436237335205e-01
4.365818798542022705e-01
4.935852885246276855e-01
6.192276477813720703e-01
7.686029672622680664e-01
4.538218677043914795e-01
5.190830826759338379e-01
6.778375506401062012e-01
4.219930171966552734e-01
4.417769610881805420e-01
5.102199912071228027e-01
8.070390820503234863e-01
4.248436093330383301e-01
4.255856573581695557e-01
4.765758812427520752e-01
7.547245621681213379e-01
1.082175493240356445e+00
7.863038778305053711e-01
7.321085333824157715e-01
7.957231998443603516e-01
8.211797475814819336e-01
6.693597435951232910e-01
6.427328586578369141e-01
5.593743324279785156e-01
5.816075205802917480e-01
5.352904796600341797e-01
4.761822521686553955e-01
5.292058587074279785e-01
5.530951023101806641e-01
4.414350986480712891e-01
4.445539116859436035e-01
4.071767330169677734e-01
4.010775685310363770e-01
3.718209564685821533e-01
9.865652322769165039e-01
8.677421808242797852e-01
9.356707930564880371e-01
8.124474287033081055e-01
6.947493553161621094e-01
7.404502034187316895e-01
7.282274365425109863e-01
6.993753314018249512e-01
7.421050071716308594e-01
6.801084876060485840e-01
7.239080071449279785e-01
6.891326308250427246e-01
7.065622210502624512e-01
6.968625783920288086e-01
6.961989402770996094e-01
6.906554698944091797e-01
6.936612129211425781e-01
6.912953853607177734e-01
6.878716349601745605e-01
7.080211639404296875e-01
6.919846534729003906e-01
6.909748911857604980e-01
6.877972483634948730e-01
6.908290386199951172e-01
6.929965019226074219e-01
6.834605932235717773e-01
6.848602294921875000e-01
6.868453025817871094e-01
6.840357184410095215e-01
6.942212581634521484e-01
6.882632970809936523e-01
6.931118965148925781e-01
6.841640472412109375e-01
6.728687286376953125e-01
6.862346529960632324e-01
6.750836968421936035e-01
6.973780989646911621e-01
6.881017088890075684e-01
6.736644506454467773e-01
6.859163641929626465e-01
6.814321279525756836e-01
6.856455206871032715e-01
6.780411005020141602e-01
6.805007457733154297e-01
6.896253228187561035e-01
6.764959692955017090e-01
6.757352352142333984e-01
6.684052348136901855e-01
6.788144111633300781e-01
6.794940233230590820e-01
6.708524227142333984e-01
6.729423999786376953e-01
6.728084087371826172e-01
6.870642304420471191e-01
6.738872528076171875e-01
6.734979152679443359e-01
6.691526174545288086e-01
6.782160997390747070e-01
6.683310866355895996e-01
6.544050574302673340e-01
6.746106743812561035e-01
6.705859303474426270e-01
6.570559740066528320e-01
6.712965965270996094e-01
6.925206184387207031e-01
6.707559227943420410e-01
6.825858950614929199e-01
6.660578250885009766e-01
6.631409525871276855e-01
6.678183674812316895e-01
6.596227884292602539e-01
6.739470958709716797e-01
6.697172522544860840e-01
6.632336974143981934e-01
6.637971997261047363e-01
6.585237383842468262e-01
6.671956777572631836e-01
6.473606824874877930e-01
6.590643525123596191e-01
6.547480821609497070e-01
6.637731194496154785e-01
6.551737189292907715e-01
6.599088907241821289e-01
6.527506113052368164e-01
6.486171483993530273e-01
6.490756869316101074e-01
6.476816534996032715e-01
6.528885364532470703e-01
6.408746242523193359e-01
6.478391289710998535e-01
6.368321776390075684e-01
6.299348473548889160e-01
6.242229342460632324e-01
6.459448337554931641e-01
6.335107684135437012e-01
6.284881830215454102e-01
6.203143596649169922e-01
6.148521900177001953e-01
6.181730031967163086e-01
6.100102663040161133e-01
6.245411038398742676e-01
6.023101210594177246e-01
6.422193646430969238e-01
5.969797372817993164e-01
5.912582874298095703e-01
5.869703292846679688e-01
6.538251638412475586e-01
6.291232109069824219e-01
5.918751955032348633e-01
5.889923572540283203e-01
5.684981346130371094e-01
5.537177920341491699e-01
5.370934009552001953e-01
5.320467352867126465e-01
4.920216798782348633e-01
5.722067952156066895e-01
5.867354273796081543e-01
5.305749177932739258e-01
5.266674160957336426e-01
5.519413352012634277e-01
6.236022114753723145e-01
6.094020009040832520e-01
6.085345149040222168e-01
7.471152544021606445e-01
7.309156060218811035e-01
5.229697823524475098e-01
5.208432674407958984e-01
5.131615400314331055e-01
4.881289601325988770e-01
6.062553524971008301e-01
5.764637589454650879e-01
5.054943561553955078e-01
4.940575361251831055e-01
4.322095215320587158e-01
7.011871933937072754e-01
5.930598378181457520e-01
6.788330078125000000e-01
5.418179035186767578e-01
5.821765661239624023e-01
4.575360119342803955e-01
4.853360652923583984e-01
4.587063193321228027e-01
4.833738803863525391e-01
5.955010056495666504e-01
8.620834350585937500e-01
4.731448292732238770e-01
4.508160650730133057e-01
4.935888648033142090e-01
6.784817576408386230e-01
9.726529121398925781e-01
5.959028601646423340e-01
7.243203520774841309e-01
8.362897634506225586e-01
4.915747940540313721e-01
5.082748532295227051e-01
5.184073448181152344e-01
5.093765854835510254e-01
5.711293816566467285e-01
5.576127767562866211e-01
7.185927629470825195e-01
4.778984487056732178e-01
5.314648151397705078e-01
9.150997400283813477e-01
8.582283854484558105e-01
5.696616172790527344e-01
4.785010814666748047e-01
4.750803411006927490e-01
5.101911425590515137e-01
6.134322881698608398e-01
8.567771911621093750e-01
5.450019836425781250e-01
7.195102572441101074e-01
6.491430401802062988e-01
8.087817430496215820e-01
5.008932352066040039e-01
4.533340334892272949e-01
4.449322521686553955e-01
4.373304247856140137e-01
5.347222089767456055e-01
7.349342107772827148e-01
4.489906728267669678e-01
4.522152841091156006e-01
4.593714475631713867e-01
5.745972394943237305e-01
8.496176004409790039e-01
1.142617225646972656e+00
6.471635699272155762e-01
5.915979146957397461e-01
7.295022606849670410e-01
5.191901922225952148e-01
5.508439540863037109e-01
4.565440118312835693e-01
4.570143520832061768e-01
4.619023501873016357e-01
4.737357795238494873e-01
4.685034155845642090e-01
5.315146446228027344e-01
7.530980706214904785e-01
8.877398967742919922e-01
5.413644313812255859e-01
5.790296196937561035e-01
6.763978004455566406e-01
4.750790297985076904e-01
4.854141473770141602e-01
4.502800107002258301e-01
5.009174346923828125e-01
7.487187385559082031e-01
1.050408720970153809e+00
6.680586338043212891e-01
5.741237998008728027e-01
7.257429361343383789e-01
4.249517917633056641e-01
4.631254971027374268e-01
4.814020395278930664e-01
5.385569930076599121e-01
4.453120529651641846e-01
5.583651661872863770e-01
1.268273711204528809e+00
8.831849694252014160e-01
5.294059514999389648e-01
4.276186227798461914e-01
4.683922827243804932e-01
4.468492269515991211e-01
4.509464502334594727e-01
4.654721915721893311e-01
6.442312598228454590e-01
1.035247802734375000e+00
5.024076700210571289e-01
4.651835560798645020e-01
5.079631209373474121e-01
5.446469783782958984e-01
7.010203003883361816e-01
4.317587614059448242e-01
4.603887200355529785e-01
5.299533605575561523e-01
7.281196713447570801e-01
4.197000861167907715e-01
4.441762864589691162e-01
5.504475235939025879e-01
6.688480973243713379e-01
4.291427731513977051e-01
3.978188633918762207e-01
4.441226720809936523e-01
6.284393072128295898e-01
8.399730920791625977e-01
7.025885581970214844e-01
4.285255074501037598e-01
4.208815395832061768e-01
4.556699693202972412e-01
4.603878855705261230e-01
5.846090912818908691e-01
5.876665711402893066e-01
8.687725067138671875e-01
4.534750878810882568e-01
5.854982137680053711e-01
5.961613655090332031e-01
6.343514323234558105e-01
5.384879708290100098e-01
6.883311271667480469e-01
4.931801557540893555e-01
6.993812322616577148e-01
6.206969022750854492e-01
7.349215149879455566e-01
4.500425755977630615e-01
4.668651521205902100e-01
4.682123064994812012e-01
4.199368953704833984e-01
4.178693294525146484e-01
4.109840691089630127e-01
5.043110251426696777e-01
8.762308359146118164e-01
4.141714572906494141e-01
3.932451605796813965e-01
5.626162886619567871e-01
8.115411400794982910e-01
3.814482986927032471e-01
5.547619462013244629e-01
1.024923443794250488e+00
4.266657531261444092e-01
7.374349832534790039e-01
8.912039995193481445e-01
7.986817955970764160e-01
6.126368045806884766e-01
7.056416273117065430e-01
8.945353627204895020e-01
4.646862149238586426e-01
4.728461802005767822e-01
4.176874458789825439e-01
4.254454672336578369e-01
4.095004200935363770e-01
3.974286019802093506e-01
4.870643317699432373e-01
6.012075543403625488e-01
3.773287832736968994e-01
3.890199661254882812e-01
3.812910914421081543e-01
4.148334264755249023e-01
4.732258319854736328e-01
8.638893365859985352e-01
6.519666314125061035e-01
8.771735429763793945e-01
6.070482134819030762e-01
4.109946787357330322e-01
4.610959887504577637e-01
1.026766777038574219e+00
8.163662552833557129e-01
4.406479299068450928e-01
4.381495714187622070e-01
4.571788311004638672e-01
6.646822094917297363e-01
9.812885522842407227e-01
4.664897620677947998e-01
4.044989645481109619e-01
4.359451532363891602e-01
3.621040284633636475e-01
4.190154373645782471e-01
5.766524672508239746e-01
1.183701753616333008e+00
8.722643256187438965e-01
8.279988169670104980e-01
4.293013513088226318e-01
4.354776442050933838e-01
4.425405263900756836e-01
4.798595309257507324e-01
5.933592915534973145e-01
4.261925518512725830e-01
4.896607995033264160e-01
7.112985253334045410e-01
1.078737974166870117e+00
6.158794164657592773e-01
4.616114497184753418e-01
5.052260756492614746e-01
4.639250636100769043e-01
6.187231540679931641e-01
1.032812476158142090e+00
8.818316459655761719e-01
8.922628164291381836e-01
5.666589140892028809e-01
4.894532263278961182e-01
4.980486631393432617e-01
5.618673563003540039e-01
6.309781074523925781e-01
7.458670139312744141e-01
5.153853893280029297e-01
5.759441852569580078e-01
5.536448955535888672e-01
6.739146709442138672e-01
4.631457626819610596e-01
4.852297306060791016e-01
4.622443318367004395e-01
5.293083786964416504e-01
7.423513531684875488e-01
8.253028988838195801e-01
5.684055089950561523e-01
7.803332805633544922e-01
8.555136322975158691e-01
5.103614330291748047e-01
4.334246516227722168e-01
4.764592349529266357e-01
5.261636972427368164e-01
5.686708688735961914e-01
5.924064517021179199e-01
4.888629019260406494e-01
4.783664941787719727e-01
5.943669676780700684e-01
6.512820720672607422e-01
6.580590605735778809e-01
4.090212881565093994e-01
7.050679922103881836e-01
7.110328078269958496e-01
5.957815051078796387e-01
4.710206687450408936e-01
4.228894412517547607e-01
4.031711816787719727e-01
6.410484910011291504e-01
7.486585378646850586e-01
4.310320317745208740e-01
4.239966273307800293e-01
4.373175799846649170e-01
4.347469806671142578e-01
4.940712451934814453e-01
5.476588606834411621e-01
9.024131298065185547e-01
4.653521478176116943e-01
4.574922919273376465e-01
6.917055249214172363e-01
8.934276700019836426e-01
1.020570635795593262e+00
9.564437866210937500e-01
6.049082279205322266e-01
6.472166180610656738e-01
6.254354119300842285e-01
4.664755165576934814e-01
4.571560621261596680e-01
4.445793628692626953e-01
4.222791194915771484e-01
5.585626959800720215e-01
6.745447516441345215e-01
4.383611381053924561e-01
4.367795586585998535e-01
4.496064782142639160e-01
6.204261183738708496e-01
8.045833110809326172e-01
9.067062139511108398e-01
5.369244217872619629e-01
4.780582189559936523e-01
5.907257795333862305e-01
7.172135710716247559e-01
6.452910900115966797e-01
5.238824486732482910e-01
4.288809895515441895e-01
4.170190095901489258e-01
4.815861582756042480e-01
5.610828995704650879e-01
3.459875881671905518e-01
4.086842238903045654e-01
3.926726579666137695e-01
4.025192558765411377e-01
5.159487724304199219e-01
7.577059864997863770e-01
7.758908867835998535e-01
4.049599766731262207e-01
3.995370566844940186e-01
7.426589131355285645e-01
8.719334602355957031e-01
6.928613185882568359e-01
5.107610821723937988e-01
7.338207364082336426e-01
8.099223971366882324e-01
1.020066976547241211e+00
4.511729478836059570e-01
4.386787414550781250e-01
4.480209052562713623e-01
5.251403450965881348e-01
6.653311848640441895e-01
4.059385955333709717e-01
4.147378802299499512e-01
3.878286778926849365e-01
4.210653007030487061e-01
4.804901480674743652e-01
5.645552277565002441e-01
8.253329992294311523e-01
4.135027229785919189e-01
3.765771090984344482e-01
4.358223974704742432e-01
6.586344838142395020e-01
7.714175581932067871e-01
4.834326803684234619e-01
1.003609538078308105e+00
8.302645683288574219e-01
7.014849185943603516e-01
4.070174396038055420e-01
4.197803437709808350e-01
4.490420520305633545e-01
5.880426764488220215e-01
6.378855109214782715e-01
5.047626495361328125e-01
6.450695991516113281e-01
8.314144015312194824e-01
4.783324301242828369e-01
4.273666739463806152e-01
4.428924918174743652e-01
5.005807280540466309e-01
7.058913707733154297e-01
4.337691366672515869e-01
5.290994644165039062e-01
8.660852313041687012e-01
1.050960063934326172e+00
9.195881485939025879e-01
4.743770956993103027e-01
5.083146691322326660e-01
5.266845226287841797e-01
5.730425119400024414e-01
6.507603526115417480e-01
4.200035035610198975e-01
4.385004043579101562e-01
4.284690618515014648e-01
4.267940819263458252e-01
3.965136706829071045e-01
4.173954427242279053e-01
4.498949050903320312e-01
5.452120900154113770e-01
4.739253222942352295e-01
6.910166740417480469e-01
4.585591852664947510e-01
6.873176097869873047e-01
5.393159985542297363e-01
7.294284701347351074e-01
4.131396412849426270e-01
4.820815026760101318e-01
6.687649488449096680e-01
4.158510267734527588e-01
5.552613735198974609e-01
8.141340613365173340e-01
9.054074883460998535e-01
5.884621739387512207e-01
5.229432582855224609e-01
6.136446595191955566e-01
4.262848794460296631e-01
4.156329631805419922e-01
4.048825502395629883e-01
3.962441682815551758e-01
4.200213253498077393e-01
6.626883149147033691e-01
8.483835458755493164e-01
1.009259343147277832e+00
7.268475890159606934e-01
4.173424541950225830e-01
4.388019442558288574e-01
4.397677183151245117e-01
4.342718422412872314e-01
5.837106704711914062e-01
8.597273826599121094e-01
9.066752791404724121e-01
7.891017198562622070e-01
3.971821665763854980e-01
5.351495146751403809e-01
6.135669946670532227e-01
4.335640668869018555e-01
4.513209164142608643e-01
8.417418599128723145e-01
9.245188832283020020e-01
8.340352773666381836e-01
5.502995848655700684e-01
4.703340232372283936e-01
4.939904808998107910e-01
6.700071096420288086e-01
8.600798249244689941e-01
6.195846796035766602e-01
4.391738176345825195e-01
4.443570077419281006e-01
4.376155436038970947e-01
4.831951558589935303e-01
4.343221783638000488e-01
4.944809675216674805e-01
6.006313562393188477e-01
7.822154760360717773e-01
4.171500504016876221e-01
4.067575931549072266e-01
4.110901951789855957e-01
3.818085789680480957e-01
3.614595830440521240e-01
3.494513332843780518e-01
4.122382104396820068e-01
7.124394178390502930e-01
6.989871859550476074e-01
8.457319736480712891e-01
6.036916971206665039e-01
5.595597624778747559e-01
7.391343712806701660e-01
4.232338964939117432e-01
4.013340473175048828e-01
4.835957586765289307e-01
7.323760986328125000e-01
4.299710988998413086e-01
5.741090774536132812e-01
7.660746574401855469e-01
7.678391337394714355e-01
5.307158827781677246e-01
5.331057906150817871e-01
6.628025770187377930e-01
4.451002776622772217e-01
4.329681396484375000e-01
5.279369950294494629e-01
5.065321326255798340e-01
6.303089857101440430e-01
3.647373914718627930e-01
4.141459167003631592e-01
5.297451019287109375e-01
1.187769412994384766e+00
7.902887463569641113e-01
4.806000888347625732e-01
6.364921331405639648e-01
8.779231309890747070e-01
6.430253386497497559e-01
6.792275905609130859e-01
7.641885280609130859e-01
6.619074344635009766e-01
4.412468075752258301e-01
4.148419201374053955e-01
4.197302162647247314e-01
4.184202849864959717e-01
3.290470838546752930e-01
4.976717829704284668e-01
7.111036777496337891e-01
4.406662285327911377e-01
4.723252356052398682e-01
3.576105833053588867e-01
3.911262750625610352e-01
4.934154748916625977e-01
8.132554888725280762e-01
5.148696303367614746e-01
8.026660680770874023e-01
4.522202610969543457e-01
5.902944803237915039e-01
8.465502262115478516e-01
5.726984143257141113e-01
6.442291736602783203e-01
9.212749600410461426e-01
7.007478475570678711e-01
4.913067519664764404e-01
5.809977650642395020e-01
6.193587779998779297e-01
8.181809186935424805e-01
5.357793569564819336e-01
5.473421216011047363e-01
7.024277448654174805e-01
5.295161008834838867e-01
6.152475476264953613e-01
4.594533443450927734e-01
4.998725950717926025e-01
4.950708150863647461e-01
5.656722784042358398e-01
4.340919852256774902e-01
5.302909016609191895e-01
5.805367827415466309e-01
8.713877201080322266e-01
3.988421261310577393e-01
4.231420457363128662e-01
3.717516362667083740e-01
3.997073769569396973e-01
4.116232693195343018e-01
5.363495349884033203e-01
9.315717816352844238e-01
4.998110830783843994e-01
1.005297899246215820e+00
1.069884300231933594e+00
9.101143479347229004e-01
9.029638767242431641e-01
6.571041345596313477e-01
4.842510223388671875e-01
4.379980564117431641e-01
4.656219184398651123e-01
5.162498354911804199e-01
5.619342923164367676e-01
7.208381891250610352e-01
3.940530717372894287e-01
4.387787282466888428e-01
4.111444354057312012e-01
3.939323723316192627e-01
4.069208502769470215e-01
4.922297596931457520e-01
6.619500517845153809e-01
3.750695884227752686e-01
4.050810337066650391e-01
4.904466271400451660e-01
7.814015150070190430e-01
4.019311070442199707e-01
4.610643684864044189e-01
6.817768812179565430e-01
1.028612852096557617e+00
8.141256570816040039e-01
6.636474728584289551e-01
6.558165550231933594e-01
6.755526661872863770e-01
6.517042517662048340e-01
4.942075014114379883e-01
4.729152619838714600e-01
4.287378191947937012e-01
4.012960791587829590e-01
4.091489017009735107e-01
4.043291509151458740e-01
5.604696869850158691e-01
8.507208228111267090e-01
5.502990484237670898e-01
4.143398404121398926e-01
5.233215093612670898e-01
7.836855053901672363e-01
8.946760296821594238e-01
9.107092022895812988e-01
8.760934472084045410e-01
7.496086955070495605e-01
7.543590664863586426e-01
6.907022595405578613e-01
5.125949978828430176e-01
4.448858201503753662e-01
4.523714780807495117e-01
4.690585732460021973e-01
4.930313825607299805e-01
5.787365436553955078e-01
5.117328763008117676e-01
5.441948771476745605e-01
4.355813860893249512e-01
4.307840466499328613e-01
4.662147760391235352e-01
6.727829575538635254e-01
7.336722016334533691e-01
8.237814903259277344e-01
8.132104277610778809e-01
5.989357829093933105e-01
4.571420252323150635e-01
4.859091937541961670e-01
5.499253273010253906e-01
3.597680032253265381e-01
4.068367779254913330e-01
3.954185247421264648e-01
3.959099054336547852e-01
4.343744516372680664e-01
4.055274128913879395e-01
6.060118079185485840e-01
9.626010656356811523e-01
8.883772492408752441e-01
7.418022155761718750e-01
5.141918659210205078e-01
8.276823163032531738e-01
7.998062372207641602e-01
7.329873442649841309e-01
4.320107698440551758e-01
4.827063381671905518e-01
5.469113588333129883e-01
5.357125997543334961e-01
6.824014782905578613e-01
4.939481616020202637e-01
5.483526587486267090e-01
4.217687249183654785e-01
4.519871473312377930e-01
5.037745833396911621e-01
7.294812202453613281e-01
5.178825855255126953e-01
7.099575996398925781e-01
3.740957677364349365e-01
3.935767710208892822e-01
3.783414363861083984e-01
3.765359520912170410e-01
3.970218598842620850e-01
5.098198652267456055e-01
7.374246716499328613e-01
1.040979504585266113e+00
9.402926564216613770e-01
7.788546085357666016e-01
8.520273566246032715e-01
7.293498516082763672e-01
4.701418578624725342e-01
4.431980550289154053e-01
4.602255225181579590e-01
5.515148043632507324e-01
7.178385257720947266e-01
3.894037902355194092e-01
4.451717734336853027e-01
5.399622917175292969e-01
7.337677478790283203e-01
9.435940384864807129e-01
7.011669278144836426e-01
4.843172729015350342e-01
5.618698000907897949e-01
6.234198212623596191e-01
7.094409465789794922e-01
3.755975663661956787e-01
3.854480385780334473e-01
3.727521896362304688e-01
5.125192403793334961e-01
6.643236279487609863e-01
3.702902197837829590e-01
4.130580425262451172e-01
5.776754617691040039e-01
7.166172862052917480e-01
6.736558675765991211e-01
5.454453825950622559e-01
6.998686194419860840e-01
4.409162402153015137e-01
4.530601799488067627e-01
3.564335703849792480e-01
3.864377140998840332e-01
3.870090544223785400e-01
4.451564550399780273e-01
5.077664852142333984e-01
7.810897827148437500e-01
5.116077661514282227e-01
9.635357856750488281e-01
8.091743588447570801e-01
8.753896951675415039e-01
7.578699588775634766e-01
8.122496008872985840e-01
7.164897918701171875e-01
8.464080691337585449e-01
7.473754286766052246e-01
6.721602082252502441e-01
6.798952221870422363e-01
7.374500036239624023e-01
6.794685125350952148e-01
6.918503046035766602e-01
7.249872088432312012e-01
7.176676988601684570e-01
6.928737759590148926e-01
7.069240808486938477e-01
7.077788710594177246e-01
6.955831646919250488e-01
6.943094134330749512e-01
6.887536048889160156e-01
6.877079606056213379e-01
6.933978199958801270e-01
6.893034577369689941e-01
6.930057406425476074e-01
6.967530846595764160e-01
6.918400526046752930e-01
6.904785633087158203e-01
6.917663812637329102e-01
6.908757686614990234e-01
6.935465335845947266e-01
6.938692331314086914e-01
6.885064840316772461e-01
6.922802925109863281e-01
6.907461285591125488e-01
6.862092614173889160e-01
6.883241534233093262e-01
6.834331750869750977e-01
6.996797323226928711e-01
6.830924749374389648e-01
7.013683915138244629e-01
6.833347082138061523e-01
6.905103325843811035e-01
6.916484236717224121e-01
6.857950687408447266e-01
6.930814385414123535e-01
6.838323473930358887e-01
6.914950609207153320e-01
6.873337030410766602e-01
6.898564100265502930e-01
6.930814385414123535e-01
6.928010582923889160e-01
6.895850300788879395e-01
6.880692243576049805e-01
6.853302121162414551e-01
6.926043033599853516e-01
6.827347278594970703e-01
6.801588535308837891e-01
6.909267306327819824e-01
6.869065165519714355e-01
6.862630248069763184e-01
6.879403591156005859e-01
6.848555207252502441e-01
6.877553462982177734e-01
6.868625879287719727e-01
6.804413795471191406e-01
6.849896311759948730e-01
6.845283508300781250e-01
6.816822290420532227e-01
6.851099133491516113e-01
6.800913214683532715e-01
6.806302070617675781e-01
6.826300621032714844e-01
6.808353662490844727e-01
6.731794476509094238e-01
6.713716983795166016e-01
6.877706646919250488e-01
6.897460818290710449e-01
6.805887818336486816e-01
6.737790107727050781e-01
6.756213307380676270e-01
6.803109645843505859e-01
6.748768091201782227e-01
6.707333922386169434e-01
6.750290393829345703e-01
6.694844961166381836e-01
6.799495220184326172e-01
6.681957244873046875e-01
6.695282459259033203e-01
6.672265529632568359e-01
6.736597418785095215e-01
6.615080237388610840e-01
6.749746203422546387e-01
6.702161431312561035e-01
6.565682291984558105e-01
6.483794450759887695e-01
6.766663193702697754e-01
6.622579097747802734e-01
6.676962971687316895e-01
6.566118597984313965e-01
6.524040699005126953e-01
6.566418409347534180e-01
6.443753242492675781e-01
6.366732716560363770e-01
6.488978862762451172e-01
6.247484683990478516e-01
6.397567987442016602e-01
6.306832432746887207e-01
6.353167891502380371e-01
6.280000805854797363e-01
6.324267387390136719e-01
6.156210303306579590e-01
5.985746383666992188e-01
5.890134572982788086e-01
6.228289604187011719e-01
5.979889035224914551e-01
6.361961960792541504e-01
6.004764437675476074e-01
5.680896043777465820e-01
5.861997604370117188e-01
5.570370554924011230e-01
5.872089266777038574e-01
5.259410738945007324e-01
5.713382959365844727e-01
5.531190633773803711e-01
6.172708272933959961e-01
5.580650568008422852e-01
5.699048042297363281e-01
5.306099057197570801e-01
4.885633587837219238e-01
5.510030388832092285e-01
5.890051126480102539e-01
9.308155179023742676e-01
6.839178204536437988e-01
5.302495360374450684e-01
5.149437189102172852e-01
4.939221441745758057e-01
4.944377839565277100e-01
4.973134100437164307e-01
4.650108814239501953e-01
4.609972834587097168e-01
4.149653613567352295e-01
4.313898980617523193e-01
6.905345320701599121e-01
1.542019009590148926e+00
9.870712757110595703e-01
5.360398292541503906e-01
6.235561966896057129e-01
5.602073073387145996e-01
5.231643915176391602e-01
4.866985082626342773e-01
4.359219670295715332e-01
4.266988337039947510e-01
4.204281568527221680e-01
4.790938496589660645e-01
8.185735940933227539e-01
8.781463503837585449e-01
7.377222180366516113e-01
5.672364234924316406e-01
5.798175334930419922e-01
5.190500020980834961e-01
5.603721737861633301e-01
4.914876222610473633e-01
5.002258419990539551e-01
5.604312419891357422e-01
8.506388068199157715e-01
6.164339184761047363e-01
5.941345691680908203e-01
4.481832087039947510e-01
4.369091093540191650e-01
4.175813198089599609e-01
4.242151379585266113e-01
4.064888656139373779e-01
4.625552296638488770e-01
6.693136692047119141e-01
4.845132827758789062e-01
6.689096093177795410e-01
5.215641260147094727e-01
6.639263629913330078e-01
3.913337290287017822e-01
3.665737807750701904e-01
4.706040918827056885e-01
7.782378196716308594e-01
5.530390739440917969e-01
7.221966385841369629e-01
4.126972258090972900e-01
4.161564111709594727e-01
3.752483725547790527e-01
4.380252361297607422e-01
6.409536004066467285e-01
8.199290633201599121e-01
3.876869082450866699e-01
3.816913664340972900e-01
3.930092751979827881e-01
3.640268743038177490e-01
3.227595388889312744e-01
5.252887606620788574e-01
9.599732160568237305e-01
7.042061686515808105e-01
9.240512847900390625e-01
9.422321319580078125e-01
8.756690025329589844e-01
7.552424669265747070e-01
5.295272469520568848e-01
4.540640115737915039e-01
4.687829911708831787e-01
5.954646468162536621e-01
5.550744533538818359e-01
4.362543225288391113e-01
4.807236492633819580e-01
5.369082093238830566e-01
3.978188335895538330e-01
4.299004375934600830e-01
3.531757593154907227e-01
3.882070481777191162e-01
3.775182068347930908e-01
4.712094962596893311e-01
8.463708758354187012e-01
1.042415976524353027e+00
8.583639264106750488e-01
7.174838781356811523e-01
6.135696172714233398e-01
6.851961016654968262e-01
4.145586490631103516e-01
4.444516301155090332e-01
4.671892225742340088e-01
4.126369357109069824e-01
4.687912464141845703e-01
7.379071116447448730e-01
9.365210533142089844e-01
7.640476822853088379e-01
5.867288112640380859e-01
7.223374247550964355e-01
4.209012985229492188e-01
4.146521389484405518e-01
3.928982913494110107e-01
4.074793159961700439e-01
4.074934124946594238e-01
4.719713926315307617e-01
5.162367820739746094e-01
6.595656871795654297e-01
4.133003950119018555e-01
4.305881559848785400e-01
6.449115276336669922e-01
7.894012331962585449e-01
6.711974143981933594e-01
6.609457135200500488e-01
5.054721236228942871e-01
3.403305411338806152e-01
3.894955515861511230e-01
4.241933524608612061e-01
4.831416606903076172e-01
4.561997354030609131e-01
5.817722082138061523e-01
5.154778957366943359e-01
8.891209363937377930e-01
3.971295952796936035e-01
3.858835995197296143e-01
4.634986817836761475e-01
6.283383369445800781e-01
4.476169943809509277e-01
7.436231970787048340e-01
6.648944020271301270e-01
7.505491375923156738e-01
4.310542047023773193e-01
6.000507473945617676e-01
6.247850060462951660e-01
3.897716999053955078e-01
3.888086676597595215e-01
3.518241941928863525e-01
3.572875261306762695e-01
4.050543904304504395e-01
5.082411170005798340e-01
5.323016643524169922e-01
1.007130026817321777e+00
5.301411747932434082e-01
6.056335568428039551e-01
8.292790055274963379e-01
4.703249633312225342e-01
4.416473507881164551e-01
5.281634926795959473e-01
5.086012482643127441e-01
8.185010552406311035e-01
4.360878765583038330e-01
5.318796038627624512e-01
5.654590725898742676e-01
6.724668145179748535e-01
4.056244194507598877e-01
4.135438203811645508e-01
4.750533401966094971e-01
5.214439630508422852e-01
8.728263378143310547e-01
3.965829908847808838e-01
3.819663524627685547e-01
3.519431352615356445e-01
4.458786845207214355e-01
5.112087130546569824e-01
7.055263519287109375e-01
3.314468860626220703e-01
4.184856414794921875e-01
5.994440913200378418e-01
3.743911981582641602e-01
5.333308577537536621e-01
6.363139152526855469e-01
9.615727066993713379e-01
5.484626293182373047e-01
6.623718738555908203e-01
8.209009766578674316e-01
6.228442192077636719e-01
6.107265353202819824e-01
8.309001326560974121e-01
4.496191740036010742e-01
4.021991491317749023e-01
4.274192750453948975e-01
4.900898039340972900e-01
7.180789113044738770e-01
5.021300315856933594e-01
5.749188065528869629e-01
4.110900461673736572e-01
3.475331068038940430e-01
5.230632424354553223e-01
7.761528491973876953e-01
3.517129421234130859e-01
5.439056158065795898e-01
7.184271216392517090e-01
3.821458518505096436e-01
3.540868759155273438e-01
3.429484963417053223e-01
3.548908233642578125e-01
3.411166071891784668e-01
5.399655103683471680e-01
1.149490237236022949e+00
9.371062517166137695e-01
3.889558911323547363e-01
4.374725222587585449e-01
8.729602694511413574e-01
8.513777256011962891e-01
9.185034036636352539e-01
4.958275556564331055e-01
5.233856439590454102e-01
6.422715783119201660e-01
4.871883094310760498e-01
5.896199941635131836e-01
4.388082921504974365e-01
5.131322741508483887e-01
6.089857220649719238e-01
9.390885233879089355e-01
4.741194844245910645e-01
5.200508236885070801e-01
5.309625864028930664e-01
4.076355695724487305e-01
4.105210900306701660e-01
4.271936714649200439e-01
5.338083505630493164e-01
9.214819073677062988e-01
4.152898490428924561e-01
3.594116568565368652e-01
4.279620051383972168e-01
5.898397564888000488e-01
7.835085988044738770e-01
5.300022363662719727e-01
5.963307619094848633e-01
7.059693932533264160e-01
4.985679686069488525e-01
6.220224499702453613e-01
5.971782803535461426e-01
4.016843736171722412e-01
4.301015734672546387e-01
4.780093133449554443e-01
4.692904949188232422e-01
6.807023882865905762e-01
4.973427951335906982e-01
7.135242223739624023e-01
4.001094698905944824e-01
4.470638036727905273e-01
6.438500285148620605e-01
1.124691128730773926e+00
5.784172415733337402e-01
3.627971708774566650e-01
3.894735276699066162e-01
4.154908359050750732e-01
5.448732376098632812e-01
7.008470296859741211e-01
3.671133518218994141e-01
3.654163479804992676e-01
3.648809492588043213e-01
3.602611422538757324e-01
5.696864128112792969e-01
7.882161140441894531e-01
3.684283196926116943e-01
3.751681447029113770e-01
5.865308046340942383e-01
8.430028557777404785e-01
6.661605238914489746e-01
3.714339733123779297e-01
3.988284170627593994e-01
6.062113046646118164e-01
7.213075160980224609e-01
7.434177398681640625e-01
5.013381242752075195e-01
6.105533838272094727e-01
6.827866435050964355e-01
4.073015451431274414e-01
3.467778265476226807e-01
3.776573538780212402e-01
5.800268650054931641e-01
8.623904585838317871e-01
5.325506329536437988e-01
5.462949275970458984e-01
5.101168155670166016e-01
6.201288700103759766e-01
7.296971678733825684e-01
5.829949378967285156e-01
6.383177638053894043e-01
7.670928835868835449e-01
4.748012125492095947e-01
3.999514281749725342e-01
3.901876509189605713e-01
4.173616468906402588e-01
5.367457866668701172e-01
7.182849645614624023e-01
1.064729809761047363e+00
7.528350949287414551e-01
4.427648782730102539e-01
4.171469807624816895e-01
3.512979745864868164e-01
3.835983574390411377e-01
3.515732884407043457e-01
3.533425033092498779e-01
4.424498677253723145e-01
7.687426805496215820e-01
9.512890577316284180e-01
6.327705979347229004e-01
3.775388598442077637e-01
3.899818360805511475e-01
3.625279963016510010e-01
4.736634492874145508e-01
7.057728767395019531e-01
8.263280987739562988e-01
5.088256001472473145e-01
4.846451878547668457e-01
6.733281016349792480e-01
3.895090222358703613e-01
4.186252653598785400e-01
8.794320821762084961e-01
9.471524953842163086e-01
7.762353420257568359e-01
5.050969123840332031e-01
4.627635478973388672e-01
5.468925833702087402e-01
5.189551711082458496e-01
5.880526304244995117e-01
3.888022899627685547e-01
3.972530066967010498e-01
4.688927531242370605e-01
6.938481926918029785e-01
5.196035504341125488e-01
6.801106929779052734e-01
3.966908156871795654e-01
4.011618793010711670e-01
7.344341874122619629e-01
9.222257733345031738e-01
8.355108499526977539e-01
9.104612469673156738e-01
7.988336682319641113e-01
5.692721009254455566e-01
5.557280182838439941e-01
5.402100086212158203e-01
4.044558405876159668e-01
4.089783132076263428e-01
4.138022959232330322e-01
3.234069347381591797e-01
3.125939667224884033e-01
3.794378340244293213e-01
4.762812852859497070e-01
7.306580543518066406e-01
3.608778417110443115e-01
3.688535392284393311e-01
3.925602734088897705e-01
7.445529103279113770e-01
9.555786252021789551e-01
9.192312359809875488e-01
7.049370408058166504e-01
8.920508027076721191e-01
7.681609988212585449e-01
7.422022223472595215e-01
7.201391458511352539e-01
7.550765275955200195e-01
7.200612425804138184e-01
6.709216237068176270e-01
7.438825964927673340e-01
7.100942134857177734e-01
7.079539299011230469e-01
6.888286471366882324e-01
7.049701213836669922e-01
6.900967955589294434e-01
7.088785767555236816e-01
6.947489380836486816e-01
6.967386007308959961e-01
6.945514082908630371e-01
6.917125582695007324e-01
6.913984417915344238e-01
6.921348571777343750e-01
6.936528086662292480e-01
6.948634386062622070e-01
6.956880092620849609e-01
6.939036846160888672e-01
6.887611150741577148e-01
6.954579949378967285e-01
6.976197957992553711e-01
6.884985566139221191e-01
6.881620883941650391e-01
6.754215955734252930e-01
6.860635876655578613e-01
7.075663805007934570e-01
6.937433481216430664e-01
6.979939937591552734e-01
6.939271688461303711e-01
7.008096575736999512e-01
6.936438083648681641e-01
6.928272843360900879e-01
6.946544647216796875e-01
6.924762725830078125e-01
6.964141726493835449e-01
6.946315765380859375e-01
7.015220522880554199e-01
6.934130191802978516e-01
6.928359270095825195e-01
6.927348375320434570e-01
6.947681307792663574e-01
6.943023204803466797e-01
6.936938762664794922e-01
6.926615834236145020e-01
6.937817335128784180e-01
6.917521953582763672e-01
6.932556033134460449e-01
6.961258649826049805e-01
6.942150592803955078e-01
6.946747303009033203e-01
6.967146396636962891e-01
6.910544633865356445e-01
6.899946331977844238e-01
6.871485710144042969e-01
6.880191564559936523e-01
6.926088929176330566e-01
7.066314220428466797e-01
6.925424933433532715e-01
6.945100426673889160e-01
6.790108680725097656e-01
6.740136742591857910e-01
6.878658533096313477e-01
6.899177432060241699e-01
7.134257555007934570e-01
6.984422802925109863e-01
7.123523950576782227e-01
6.958225965499877930e-01
6.946971416473388672e-01
6.954520940780639648e-01
6.945377588272094727e-01
6.909384131431579590e-01
7.012743353843688965e-01
6.923015713691711426e-01
6.967447400093078613e-01
6.932867169380187988e-01
6.914932131767272949e-01
6.936821937561035156e-01
6.915871500968933105e-01
6.957387328147888184e-01
6.902958750724792480e-01
6.924793124198913574e-01
6.883351206779479980e-01
7.067326903343200684e-01
6.855531930923461914e-01
6.874852776527404785e-01
6.969860196113586426e-01
6.960633993148803711e-01
6.905550956726074219e-01
6.880095005035400391e-01
7.049695849418640137e-01
6.916826367378234863e-01
6.932102441787719727e-01
7.005791664123535156e-01
6.950158476829528809e-01
6.948586106300354004e-01
6.910691857337951660e-01
6.957065463066101074e-01
6.922094821929931641e-01
6.895118951797485352e-01
6.895576715469360352e-01
6.814446449279785156e-01
7.001686096191406250e-01
7.033576369285583496e-01
6.931247115135192871e-01
6.954020857810974121e-01
6.880409121513366699e-01
6.850435733795166016e-01
6.901027560234069824e-01
7.027675509452819824e-01
6.940430998802185059e-01
